pitch,baby,mom
,0,0.0
,0,0.0
,0,0.0
,0,0.0
,0,0.0
,0,0.0
,0,0.0
,0,0.0
,0,0.0
,0,0.0
,0,0.0
,0,0.0
,0,0.0
,0,0.0
256.42192767760315,0,0.0
272.6564652565773,0,0.0
,0,0.0
,0,0.0
,0,0.0
,0,0.0
,0,0.0
,0,0.0
,0,0.0
,0,0.0
,0,0.0
,0,0.0
,0,0.0
,0,0.0
,0,0.0
,0,0.0
,0,0.0
,0,0.0
,0,0.0
,0,0.0
,0,0.0
,0,0.0
,0,0.0
,0,0.0
,0,0.0
,0,0.0
,0,0.0
,0,0.0
,0,0.0
,0,0.0
,0,0.0
,0,0.0
,0,0.0
,0,0.0
,0,0.0
,0,0.0
,0,0.0
,0,0.0
,0,0.0
,0,0.0
,0,0.0
,0,0.0
,0,0.0
,0,0.0
,0,0.0
,0,0.0
511.7534700414828,0,0.0
512.2388577280943,0,0.0
512.2957359374566,0,0.0
511.72233759410756,0,0.0
252.36223612254207,0,0.0
,0,0.0
251.55374508736324,0,0.0
253.63953755345648,0,0.0
252.11238751829177,0,0.0
,0,0.0
,0,0.0
,0,0.0
,0,0.0
,0,0.0
,0,0.0
,0,0.0
,0,0.0
312.80599058477816,0,0.0
331.36442963737136,0,0.0
,0,0.0
284.7887122425113,0,0.0
305.2633339434978,0,0.0
300.2450989955519,0,0.0
301.28251607180266,0,0.0
,0,0.0
,0,0.0
,0,0.0
,0,0.0
,0,0.0
,0,0.0
,0,0.0
,0,0.0
,0,0.0
,0,0.0
,0,0.0
,0,0.0
,0,0.0
,0,0.0
,0,0.0
279.58443692595387,0,0.2727272727272727
280.2887932637414,0,1.0
302.48921365201073,0,0.8181818181818182
312.25521166959476,0,0.25
,0,0.0
,0,0.0
,0,0.0
,0,0.0
,0,0.0
,0,0.0
,0,0.0
,0,0.0
,0,0.0
,0,0.0
,0,0.0
,0,0.0
,0,0.0
,0,0.0
,0,0.0
284.7397475847986,0,0.3333333333333333
284.72422368895883,0,1.0
287.6324297623357,0,1.0
294.36092456451684,0,1.0
303.1644401649971,0,0.5454545454545454
,0,0.0
,0,0.0
,0,0.0
,0,0.0
,0,0.0
,0,0.0
,0,0.0
,0,0.0
,0,0.0
,0,0.0
,0,0.0
,0,0.0
,0,0.0
,0,0.0
,0,0.0
,0,0.0
,0,0.0
,0,0.0
,0,0.0
,0,0.0
,0,0.0
,0,0.0
,0,0.0
,0,0.0
,0,0.0
,0,0.0
,0,0.0
,0,0.0
,0,0.0
,0,0.0
,0,0.0
,0,0.0
,0,0.0
,0,0.0
,0,0.0
,0,0.0
,0,0.0
,0,0.0
,0,0.0
,0,0.0
,0,0.0
,0,0.0
,0,0.0
,0,0.0
,0,0.0
,0,0.0
,0,0.0
,0,0.0
,0,0.0
,0,0.0
,0,0.0
,0,0.0
,0,0.0
,0,0.0
,0,0.0
,0,0.0
,0,0.0
,0,0.0
,0,0.0
,0,0.0
,0,0.0
,0,0.0
,0,0.0
,0,0.0
,0,0.0
,0,0.0
,0,0.0
,0,0.0
,0,0.0
,0,0.0
,0,0.0
,0,0.0
,0,0.0
,0,0.0
,0,0.0
,0,0.0
,0,0.0
,0,0.0
,0,0.0
,0,0.0
,0,0.0
,0,0.0
,0,0.0
,0,0.0
,0,0.0
,0,0.0
,0,0.0
,0,0.0
,0,0.0
,0,0.0
,0,0.0
,0,0.0
,0,0.0
,0,0.0
,0,0.0
,0,0.0
,0,0.0
,0,0.0
,0,0.0
,0,0.0
,0,0.0
,0,0.0
,0,0.0
,0,0.0
,0,0.0
,0,0.0
,0,0.0
,0,0.0
,0,0.0
,0,0.0
,0,0.0
,0,0.0
,0,0.0
,0,0.0
,0,0.0
,0,0.0
,0,0.0
,0,0.0
,0,0.0
,0,0.0
,0,0.0
,0,0.0
,0,0.0
,0,0.0
,0,0.0
,0,0.0
,0,0.0
,0,0.0
,0,0.0
,0,0.0
,0,0.0
,0,0.0
,0,0.0
,0,0.0
,0,0.0
,0,0.0
,0,0.0
,0,0.0
,0,0.0
,0,0.0
,0,0.0
,0,0.0
,0,0.0
,0,0.0
,0,0.0
,0,0.0
,0,0.0
,0,0.0
,0,0.0
,0,0.0
,0,0.0
,0,0.0
,0,0.0
,0,0.0
,0,0.0
,0,0.0
,0,0.0
,0,0.0
,0,0.0
,0,0.0
,0,0.0
,0,0.0
,0,0.0
,0,0.0
,0,0.0
,0,0.0
,0,0.0
,0,0.0
,0,0.0
,0,0.0
,0,0.0
,0,0.0
,0,0.0
,0,0.0
,0,0.0
,0,0.0
,0,0.0
,0,0.0
,0,0.0
,0,0.0
,0,0.0
,0,0.0
,0,0.0
,0,0.0
,0,0.0
,0,0.0
,0,0.0
,0,0.0
,0,0.0
,0,0.0
,0,0.0
,0,0.0
,0,0.0
,0,0.0
,0,0.0
,0,0.0
,0,0.0
,0,0.0
,0,0.0
,0,0.0
,0,0.0
,0,0.0
,0,0.0
,0,0.0
,0,0.0
,0,0.0
,0,0.0
,0,0.0
,0,0.0
,0,0.0
,0,0.0
,0,0.0
,0,0.0
,0,0.0
,0,0.0
,0,0.0
,0,0.0
,0,0.0
,0,0.0
,0,0.0
,0,0.0
,0,0.0
,0,0.0
,0,0.0
,0,0.0
,0,0.0
,0,0.0
,0,0.0
,0,0.0
,0,0.0
,0,0.0
,0,0.0
,0,0.0
,0,0.0
,0,0.0
,0,0.0
,0,0.0
,0,0.0
,0,0.0
,0,0.0
,0,0.0
,0,0.0
,0,0.0
,0,0.0
,0,0.0
,0,0.0
,0,0.0
,0,0.0
,0,0.0
,0,0.0
,0,0.0
,0,0.0
,0,0.0
,0,0.0
,0,0.0
,0,0.0
,0,0.0
,0,0.0
,0,0.0
,0,0.0
,0,0.0
,0,0.0
,0,0.0
,0,0.0
,0,0.0
,0,0.0
,0,0.0
,0,0.0
,0,0.0
,0,0.0
,0,0.0
,0,0.0
,0,0.0
,0,0.0
,0,0.0
,0,0.0
,0,0.0
,0,0.0
,0,0.0
,0,0.0
,0,0.0
,0,0.0
,0,0.0
,0,0.0
,0,0.0
,0,0.0
,0,0.0
,0,0.0
,0,0.0
,0,0.0
,0,0.0
,0,0.0
,0,0.0
,0,0.0
,0,0.0
,0,0.0
,0,0.0
,0,0.0
,0,0.0
,0,0.0
,0,0.0
,0,0.0
,0,0.0
,0,0.0
,0,0.0
,0,0.0
,0,0.0
,0,0.0
,0,0.0
,0,0.0
,0,0.0
,0,0.0
,0,0.0
,0,0.0
,0,0.0
,0,0.0
,0,0.0
,0,0.0
,0,0.0
,0,0.0
,0,0.0
,0,0.0
,0,0.0
,0,0.0
,0,0.0
,0,0.0
,0,0.0
,0,0.0
,0,0.0
,0,0.0
,0,0.0
,0,0.0
,0,0.0
,0,0.0
,0,0.0
,0,0.0
,0,0.0
,0,0.0
,0,0.0
,0,0.0
,0,0.0
,0,0.0
,0,0.0
,0,0.0
,0,0.0
,0,0.0
,0,0.0
,0,0.0
,0,0.0
,0,0.0
,0,0.0
,0,0.0
,0,0.0
,0,0.0
,0,0.0
,0,0.0
,0,0.0
,0,0.0
,0,0.0
,0,0.0
,0,0.0
,0,0.0
,0,0.0
,0,0.0
,0,0.0
,0,0.0
,0,0.0
,0,0.0
,0,0.0
,0,0.0
,0,0.0
,0,0.0
,0,0.0
,0,0.0
,0,0.0
,0,0.0
,0,0.0
,0,0.0
,0,0.0
,0,0.0
,0,0.0
,0,0.0
,0,0.0
,0,0.0
,0,0.0
,0,0.0
,0,0.0
,0,0.0
,0,0.0
,0,0.0
,0,0.0
,0,0.0
,0,0.0
,0,0.0
,0,0.0
,0,0.0
,0,0.0
,0,0.0
,0,0.0
,0,0.0
,0,0.0
,0,0.0
,0,0.0
,0,0.0
,0,0.0
,0,0.0
,0,0.0
,0,0.0
,0,0.0
,0,0.0
,0,0.0
,0,0.0
,0,0.0
,0,0.0
,0,0.0
,0,0.0
,0,0.0
,0,0.0
,0,0.0
,0,0.0
,0,0.0
,0,0.0
,0,0.0
,0,0.0
,0,0.0
,0,0.0
,0,0.0
,0,0.0
,0,0.0
,0,0.0
,0,0.0
,0,0.0
,0,0.0
,0,0.0
,0,0.0
,0,0.0
,0,0.0
,0,0.0
,0,0.0
,0,0.0
,0,0.0
,0,0.0
,0,0.0
,0,0.0
,0,0.0
,0,0.0
,0,0.0
,0,0.0
,0,0.0
,0,0.0
,0,0.0
,0,0.0
,0,0.0
,0,0.0
,0,0.0
,0,0.0
,0,0.0
,0,0.0
,0,0.0
,0,0.0
,0,0.0
,0,0.0
,0,0.0
,0,0.0
,0,0.0
,0,0.0
,0,0.0
,0,0.0
,0,0.0
,0,0.0
,0,0.0
,0,0.0
,0,0.0
,0,0.0
,0,0.0
,0,0.0
,0,0.0
,0,0.0
,0,0.0
,0,0.0
,0,0.0
,0,0.0
,0,0.0
,0,0.0
,0,0.0
,0,0.0
,0,0.0
,0,0.0
,0,0.0
,0,0.0
,0,0.0
,0,0.0
,0,0.0
,0,0.0
,0,0.0
,0,0.0
,0,0.0
,0,0.0
,0,0.0
,0,0.0
,0,0.0
,0,0.0
,0,0.0
,0,0.0
,0,0.0
,0,0.0
,0,0.0
,0,0.0
,0,0.0
,0,0.0
,0,0.0
,0,0.0
,0,0.0
,0,0.0
,0,0.0
,0,0.0
,0,0.0
,0,0.0
,0,0.0
,0,0.0
,0,0.0
,0,0.0
,0,0.0
,0,0.0
,0,0.0
,0,0.0
,0,0.0
,0,0.0
,0,0.0
,0,0.0
,0,0.0
,0,0.0
,0,0.0
,0,0.0
,0,0.0
,0,0.0
,0,0.0
,0,0.0
,0,0.0
,0,0.0
,0,0.0
,0,0.0
,0,0.0
,0,0.0
,0,0.0
,0,0.0
,0,0.0
,0,0.0
,0,0.0
,0,0.0
,0,0.0
,0,0.0
,0,0.0
,0,0.0
,0,0.0
,0,0.0
,0,0.0
,0,0.0
,0,0.0
,0,0.0
,0,0.0
,0,0.0
,0,0.0
,0,0.0
,0,0.0
,0,0.0
,0,0.0
,0,0.0
,0,0.0
,0,0.0
,0,0.0
,0,0.0
,0,0.0
,0,0.0
,0,0.0
,0,0.0
,0,0.0
,0,0.0
,0,0.0
,0,0.0
,0,0.0
,0,0.0
,0,0.0
,0,0.0
,0,0.0
,0,0.0
,0,0.0
,0,0.0
,0,0.0
,0,0.0
,0,0.0
,0,0.0
,0,0.0
,0,0.0
,0,0.0
,0,0.0
,0,0.0
,0,0.0
,0,0.0
,0,0.0
,0,0.0
,0,0.0
,0,0.0
,0,0.0
,0,0.0
,0,0.0
,0,0.0
,0,0.0
,0,0.0
,0,0.0
,0,0.0
,0,0.0
,0,0.0
,0,0.0
,0,0.0
,0,0.0
,0,0.0
,0,0.0
,0,0.0
,0,0.0
,0,0.0
,0,0.0
,0,0.0
,0,0.0
,0,0.0
,0,0.0
,0,0.0
,0,0.0
,0,0.0
,0,0.0
,0,0.0
,0,0.0
,0,0.0
,0,0.0
,0,0.0
,0,0.0
,0,0.0
,0,0.0
,0,0.0
,0,0.0
,0,0.0
,0,0.0
,0,0.0
,0,0.0
,0,0.0
,0,0.0
,0,0.0
,0,0.0
,0,0.0
,0,0.0
,0,0.0
,0,0.0
,0,0.0
,0,0.0
,0,0.0
,0,0.0
,0,0.0
,0,0.0
,0,0.0
,0,0.0
,0,0.0
,0,0.0
,0,0.0
,0,0.0
,0,0.0
,0,0.0
,0,0.0
,0,0.0
,0,0.0
,0,0.0
,0,0.0
,0,0.0
,0,0.0
,0,0.0
,0,0.0
,0,0.0
,0,0.0
,0,0.0
,0,0.0
,0,0.0
,0,0.0
,0,0.0
,0,0.0
,0,0.0
,0,0.0
,0,0.0
,0,0.0
,0,0.0
,0,0.0
,0,0.0
,0,0.0
,0,0.0
,0,0.0
,0,0.0
,0,0.0
,0,0.0
,0,0.0
,0,0.0
,0,0.0
,0,0.0
,0,0.0
,0,0.0
,0,0.0
,0,0.0
,0,0.0
,0,0.0
,0,0.0
,0,0.0
,0,0.0
,0,0.0
,0,0.0
,0,0.0
,0,0.0
344.90018295549044,0,0.0
329.73976000486005,1,0.0
328.7250571600362,0,0.0
,0,0.0
,0,0.0
,0,0.0
,0,0.0
,0,0.0
,0,0.0
,0,0.0
,0,0.0
,0,0.0
,0,0.0
,0,0.0
,0,0.0
,0,0.0
,0,0.0
,0,0.0
,0,0.0
,0,0.0
253.15844369926788,0,0.36363636363636365
,0,0.0
,0,0.0
,0,0.0
,0,0.0
,0,0.0
,0,0.0
,0,0.0
,0,0.0
,0,0.0
,0,0.0
,0,0.0
,0,0.0
,0,0.0
,0,0.0
,0,0.0
,0,0.0
,0,0.0
,0,0.0
,0,0.0
,0,0.0
,0,0.0
,0,0.0
,0,0.0
,0,0.0
,0,0.0
,0,0.0
,0,0.0
,0,0.0
,0,0.0
,0,0.0
,0,0.0
,0,0.0
,0,0.0
,0,0.0
,0,0.0
,0,0.0
,0,0.0
,0,0.0
,0,0.0
,0,0.0
289.58217934899,0,1.0
309.5443624297393,0,0.5454545454545454
,0,0.0
,0,0.0
,0,0.0
,0,0.0
,0,0.0
,0,0.0
,0,0.0
,0,0.0
,0,0.0
,0,0.0
,0,0.0
,0,0.0
,0,0.0
,0,0.0
,0,0.0
,0,0.0
,0,0.0
,0,0.0
,0,0.0
,0,0.0
,0,0.0
,0,0.0
,0,0.0
,0,0.0
,0,0.0
,0,0.0
,0,0.0
,0,0.0
,0,0.0
,0,0.0
,0,0.0
,0,0.0
,0,0.0
,0,0.0
,0,0.0
,0,0.0
,0,0.0
,0,0.0
,0,0.0
,0,0.0
,0,0.0
,0,0.0
,0,0.0
,0,0.0
,0,0.0
,0,0.0
,0,0.0
,0,0.0
,0,0.0
,0,0.0
,0,0.0
,0,0.0
,0,0.0
,0,0.0
,0,0.0
,0,0.0
,0,0.0
,0,0.0
,0,0.0
,0,0.0
,0,0.0
,0,0.0
,0,0.0
,0,0.0
,0,0.0
,0,0.0
,0,0.0
,0,0.0
,0,0.0
,0,0.0
,0,0.0
,0,0.0
,0,0.0
,0,0.0
,0,0.0
,0,0.0
,0,0.0
,0,0.0
,0,0.0
,0,0.0
,0,0.0
,0,0.0
,0,0.0
,0,0.0
,0,0.0
,0,0.0
,0,0.0
,0,0.0
,0,0.0
,0,0.0
,0,0.0
,0,0.0
,0,0.0
,0,0.0
,0,0.0
,0,0.0
,0,0.0
,0,0.0
,0,0.0
,0,0.0
,0,0.0
,0,0.0
,0,0.0
,0,0.0
,0,0.0
,0,0.0
,0,0.0
,0,0.0
,0,0.0
,0,0.0
,0,0.0
,0,0.0
,0,0.0
,0,0.0
,0,0.0
,0,0.0
264.5075609070537,0,1.0
275.96129813172877,0,1.0
268.58762995652216,0,1.0
268.9457021253123,0,0.9166666666666666
272.32490770871686,0,0.7272727272727273
,0,0.0
282.032630751287,0,0.36363636363636365
,0,0.0
,0,0.0
,0,0.0
,0,0.0
,0,0.0
,0,0.0
,0,0.0
,0,0.0
,0,0.0
,0,0.0
,0,0.0
,0,0.0
,0,0.0
,0,0.0
,0,0.0
,0,0.0
,0,0.0
,0,0.0
,0,0.0
,0,0.0
,0,0.0
,0,0.0
,0,0.0
,0,0.0
,0,0.0
,0,0.0
,0,0.0
,0,0.0
,0,0.0
,0,0.0
,0,0.0
,0,0.0
,0,0.0
,0,0.0
,0,0.0
,0,0.0
,0,0.0
,0,0.0
,0,0.0
,0,0.0
,0,0.0
,0,0.0
,0,0.0
,0,0.0
,0,0.0
,0,0.0
,0,0.0
,0,0.0
,0,0.0
,0,0.0
,0,0.0
,0,0.0
,0,0.0
,0,0.0
,0,0.0
,0,0.0
,0,0.0
,0,0.0
,0,0.0
,0,0.0
,0,0.0
,0,0.0
,0,0.0
,0,0.0
,0,0.0
,0,0.0
550.7302970235021,0,0.8181818181818182
580.8946639084547,0,0.2727272727272727
543.143545518441,0,0.7272727272727273
573.5778121876762,0,0.5454545454545454
,0,0.0
,0,0.0
,0,0.0
,0,0.0
,0,0.0
,0,0.0
,0,0.0
,0,0.0
,0,0.0
,0,0.0
,0,0.0
,0,0.0
,0,0.0
,0,0.0
,0,0.0
,0,0.0
,0,0.0
,0,0.0
,0,0.0
,0,0.0
,0,0.0
,0,0.0
,0,0.0
,0,0.0
,0,0.0
,0,0.0
,0,0.0
,0,0.0
,0,0.0
,0,0.0
,0,0.0
,0,0.0
,0,0.0
,0,0.0
,0,0.0
,0,0.0
,0,0.0
,0,0.0
,0,0.0
,0,0.0
,0,0.0
,0,0.0
,0,0.0
,0,0.0
,0,0.0
,0,0.0
,0,0.0
,0,0.0
,0,0.0
,0,0.0
,0,0.0
,0,0.0
,0,0.0
,0,0.0
,0,0.0
,0,0.0
,0,0.0
,0,0.0
,0,0.0
,0,0.0
,0,0.0
,0,0.0
,0,0.0
,0,0.0
,0,0.0
,0,0.0
,0,0.0
,0,0.0
,0,0.0
,0,0.0
,0,0.0
,0,0.0
,0,0.0
,0,0.0
,0,0.0
,0,0.0
,0,0.0
,0,0.0
,0,0.0
,0,0.0
,0,0.0
,0,0.0
,0,0.0
,0,0.0
,0,0.0
,0,0.0
,0,0.0
,0,0.0
,0,0.0
,0,0.0
,0,0.0
,0,0.0
,0,0.0
,0,0.0
,0,0.0
,0,0.0
,0,0.0
,0,0.0
,0,0.0
,0,0.0
,0,0.0
,0,0.0
,0,0.0
,0,0.0
,0,0.0
,0,0.0
,0,0.0
,0,0.0
,0,0.0
,0,0.0
,0,0.0
,0,0.0
,0,0.0
,0,0.0
,0,0.0
,0,0.0
,0,0.0
,0,0.0
,0,0.0
,0,0.0
,0,0.0
,0,0.0
,0,0.0
,0,0.0
,0,0.0
,0,0.0
,0,0.0
,0,0.0
,0,0.0
,0,0.0
,0,0.0
,0,0.0
,0,0.0
,0,0.0
,0,0.0
,0,0.0
,0,0.0
,0,0.0
,0,0.0
,0,0.0
,0,0.0
,0,0.0
,0,0.0
,0,0.0
,0,0.0
,0,0.0
,0,0.0
,0,0.0
,0,0.0
,0,0.0
,0,0.0
,0,0.0
,0,0.0
,0,0.0
,0,0.0
,0,0.0
,0,0.0
,0,0.0
,0,0.0
,0,0.0
,0,0.0
,0,0.0
,0,0.0
,0,0.0
,0,0.0
,0,0.0
,0,0.0
,0,0.0
,0,0.0
,0,0.0
,0,0.0
,0,0.0
,0,0.0
,0,0.0
,0,0.0
,0,0.0
,0,0.0
,0,0.0
,0,0.0
,0,0.0
,0,0.0
,0,0.0
,0,0.0
,0,0.0
,0,0.0
,0,0.0
,0,0.0
,0,0.0
,0,0.0
,0,0.0
,0,0.0
,0,0.0
,0,0.0
,0,0.0
,0,0.0
,0,0.0
,0,0.0
,0,0.0
,0,0.0
,0,0.0
,0,0.0
,0,0.0
,0,0.0
,0,0.0
,0,0.0
,0,0.0
,0,0.0
,0,0.0
,0,0.0
,0,0.0
,0,0.0
,0,0.0
,0,0.0
,0,0.0
,0,0.0
,0,0.0
,0,0.0
,0,0.0
,0,0.0
,0,0.0
,0,0.0
,0,0.0
,0,0.0
,0,0.0
,0,0.0
,0,0.0
,0,0.0
,0,0.0
,0,0.0
,0,0.0
,0,0.0
,0,0.0
,0,0.0
,0,0.0
,0,0.0
,0,0.0
,0,0.0
,0,0.0
,0,0.0
,0,0.0
,0,0.0
,0,0.0
,0,0.0
,0,0.0
,0,0.0
,0,0.0
,0,0.0
,0,0.0
,0,0.0
,0,0.0
,0,0.0
,0,0.0
,0,0.0
,0,0.0
,0,0.0
,0,0.0
,0,0.0
,0,0.0
,0,0.0
,0,0.0
,0,0.0
,0,0.0
,0,0.0
,0,0.0
,0,0.0
,0,0.0
,0,0.0
,0,0.0
,0,0.0
,0,0.0
,0,0.0
,0,0.0
,0,0.0
,0,0.0
,0,0.0
,0,0.0
,0,0.0
,0,0.0
,0,0.0
,0,0.0
,0,0.0
,0,0.0
,0,0.0
,0,0.0
,0,0.0
,0,0.0
,0,0.0
,0,0.0
,0,0.0
,0,0.0
,0,0.0
,0,0.0
,0,0.0
,0,0.0
,0,0.0
,0,0.0
,0,0.0
,0,0.0
,0,0.0
,0,0.0
,0,0.0
,0,0.0
,0,0.0
,0,0.0
,0,0.0
,0,0.0
,0,0.0
,0,0.0
,0,0.0
,0,0.0
,0,0.0
,0,0.0
,0,0.0
,0,0.0
,0,0.0
,0,0.0
,0,0.0
,0,0.0
,0,0.0
,0,0.0
,0,0.0
,0,0.0
,0,0.0
,0,0.0
,0,0.0
,0,0.0
,0,0.0
,0,0.0
,0,0.0
,0,0.0
,0,0.0
,0,0.0
,0,0.0
,0,0.0
,0,0.0
,0,0.0
,0,0.0
,0,0.0
,0,0.0
,0,0.0
,0,0.0
,0,0.0
,0,0.0
,0,0.0
,0,0.0
,0,0.0
,0,0.0
,0,0.0
,0,0.0
,0,0.0
,0,0.0
,0,0.0
,0,0.0
,0,0.0
,0,0.0
,0,0.0
,0,0.0
,0,0.0
,0,0.0
,0,0.0
,0,0.0
,0,0.0
,0,0.0
,0,0.0
,0,0.0
,0,0.0
,0,0.0
,0,0.0
,0,0.0
,0,0.0
,0,0.0
,0,0.0
,0,0.0
,0,0.0
,0,0.0
,0,0.0
,0,0.0
,0,0.0
,0,0.0
,0,0.0
,0,0.0
,0,0.0
,0,0.0
,0,0.0
,0,0.0
,0,0.0
,0,0.0
,0,0.0
,0,0.0
,0,0.0
,0,0.0
,0,0.0
,0,0.0
,0,0.0
,0,0.0
,0,0.0
,0,0.0
,0,0.0
,0,0.0
,0,0.0
,0,0.0
,0,0.0
,0,0.0
,0,0.0
,0,0.0
,0,0.0
,0,0.0
,0,0.0
,0,0.0
,0,0.0
,0,0.0
,0,0.0
,0,0.0
,0,0.0
,0,0.0
,0,0.0
,0,0.0
,0,0.0
,0,0.0
,0,0.0
,0,0.0
,0,0.0
,0,0.0
,0,0.0
,0,0.0
,0,0.0
,0,0.0
,0,0.0
,0,0.0
,0,0.0
,0,0.0
,0,0.0
,0,0.0
,0,0.0
,0,0.0
,0,0.0
,0,0.0
,0,0.0
,0,0.0
,0,0.0
,0,0.0
,0,0.0
,0,0.0
,0,0.0
,0,0.0
,0,0.0
,0,0.0
,0,0.0
,0,0.0
,0,0.0
,0,0.0
,0,0.0
,0,0.0
,0,0.0
,0,0.0
,0,0.0
,0,0.0
,0,0.0
,0,0.0
,0,0.0
,0,0.0
,0,0.0
,0,0.0
,0,0.0
,0,0.0
,0,0.0
,0,0.0
,0,0.0
,0,0.0
,0,0.0
,0,0.0
,0,0.0
,0,0.0
,0,0.0
,0,0.0
,0,0.0
,0,0.0
,0,0.0
,0,0.0
,0,0.0
,0,0.0
,0,0.0
,0,0.0
,0,0.0
,0,0.0
,0,0.0
,0,0.0
,0,0.0
,0,0.0
,0,0.0
,0,0.0
,0,0.0
,0,0.0
,0,0.0
,0,0.0
,0,0.0
,0,0.0
,0,0.0
,0,0.0
,0,0.0
,0,0.0
,0,0.0
,0,0.0
,0,0.0
,0,0.0
,0,0.0
,0,0.0
,0,0.0
,0,0.0
623.3867497204363,0,0.6363636363636364
625.3460762406437,0,0.9090909090909091
,0,0.0
,0,0.0
,0,0.0
,0,0.0
,0,0.0
,0,0.0
,0,0.0
,0,0.0
,0,0.0
,0,0.0
,0,0.0
,0,0.0
,0,0.0
,0,0.0
,0,0.0
,0,0.0
,0,0.0
,0,0.0
,0,0.0
,0,0.0
,0,0.0
,0,0.0
,0,0.0
,0,0.0
,0,0.0
,0,0.0
,0,0.0
,0,0.0
,0,0.0
,0,0.0
,0,0.0
,0,0.0
,0,0.0
,0,0.0
,0,0.0
,0,0.0
,0,0.0
,0,0.0
,0,0.0
,0,0.0
,0,0.0
,0,0.0
,0,0.0
,0,0.0
,0,0.0
,0,0.0
,0,0.0
,0,0.0
,0,0.0
,0,0.0
,0,0.0
,0,0.0
,0,0.0
,0,0.0
,0,0.0
,0,0.0
,0,0.0
,0,0.0
,0,0.0
,0,0.0
,0,0.0
,0,0.0
,0,0.0
,0,0.0
,0,0.0
,0,0.0
,0,0.0
,0,0.0
,0,0.0
,0,0.0
,0,0.0
,0,0.0
,0,0.0
,0,0.0
,0,0.0
,0,0.0
,0,0.0
,0,0.0
,0,0.0
,0,0.0
,0,0.0
,0,0.0
,0,0.0
,0,0.0
,0,0.0
,0,0.0
,0,0.0
,0,0.0
,0,0.0
,0,0.0
,0,0.0
,0,0.0
,0,0.0
,0,0.0
,0,0.0
,0,0.0
,0,0.0
,0,0.0
,0,0.0
,0,0.0
,0,0.0
,0,0.0
,0,0.0
,0,0.0
,0,0.0
,0,0.0
,0,0.0
,0,0.0
,0,0.0
,0,0.0
,0,0.0
,0,0.0
,0,0.0
,0,0.0
,0,0.0
,0,0.0
,0,0.0
,0,0.0
,0,0.0
,0,0.0
,0,0.0
,0,0.0
,0,0.0
,0,0.0
,0,0.0
,0,0.0
,0,0.0
,0,0.0
,0,0.0
,0,0.0
,0,0.0
,0,0.0
,0,0.0
,0,0.0
,0,0.0
,0,0.0
,0,0.0
,0,0.0
,0,0.0
,0,0.0
,0,0.0
,0,0.0
,0,0.0
,0,0.0
,0,0.0
,0,0.0
,0,0.0
,0,0.0
,0,0.0
,0,0.0
,0,0.0
,0,0.0
,0,0.0
,0,0.0
,0,0.0
,0,0.0
,0,0.0
,0,0.0
,0,0.0
,0,0.0
,0,0.0
,0,0.0
,0,0.0
,0,0.0
,0,0.0
,0,0.0
,0,0.0
,0,0.0
,0,0.0
,0,0.0
,0,0.0
,0,0.0
,0,0.0
,0,0.0
,0,0.0
,0,0.0
,0,0.0
,0,0.0
,0,0.0
,0,0.0
,0,0.0
,0,0.0
,0,0.0
,0,0.0
,0,0.0
,0,0.0
,0,0.0
,0,0.0
,0,0.0
,0,0.0
,0,0.0
,0,0.0
,0,0.0
,0,0.0
,0,0.0
,0,0.0
,0,0.0
,0,0.0
,0,0.0
,0,0.0
,0,0.0
,0,0.0
,0,0.0
,0,0.0
,0,0.0
,0,0.0
,0,0.0
,0,0.0
,0,0.0
,0,0.0
,0,0.0
,0,0.0
,0,0.0
,0,0.0
,0,0.0
,0,0.0
,0,0.0
,0,0.0
,0,0.0
,0,0.0
,0,0.0
,0,0.0
,0,0.0
,0,0.0
,0,0.0
,0,0.0
,0,0.0
,0,0.0
,0,0.0
,0,0.0
,0,0.0
,0,0.0
,0,0.0
,0,0.0
,0,0.0
,0,0.0
,0,0.0
,0,0.0
,0,0.0
,0,0.0
,0,0.0
,0,0.0
,0,0.0
,0,0.0
,0,0.0
,0,0.0
,0,0.0
,0,0.0
,0,0.0
,0,0.0
,0,0.0
,0,0.0
,0,0.0
,0,0.0
,0,0.0
,0,0.0
,0,0.0
,0,0.0
,0,0.0
,0,0.0
,0,0.0
,0,0.0
,0,0.0
,0,0.0
,0,0.0
,0,0.0
,0,0.0
,0,0.0
,0,0.0
,0,0.0
,0,0.0
,0,0.0
,0,0.0
,0,0.0
,0,0.0
,0,0.0
,0,0.0
,0,0.0
,0,0.0
,0,0.0
,0,0.0
,0,0.0
,0,0.0
,0,0.0
,0,0.0
,0,0.0
,0,0.0
,0,0.0
,0,0.0
,0,0.0
,0,0.0
,0,0.0
,0,0.0
,0,0.0
,0,0.0
,0,0.0
,0,0.0
,0,0.0
,0,0.0
,0,0.0
,0,0.0
,0,0.0
,0,0.0
,0,0.0
,0,0.0
,0,0.0
,0,0.0
,0,0.0
,0,0.0
,0,0.0
,0,0.0
,0,0.0
,0,0.0
,0,0.0
,0,0.0
,0,0.0
,0,0.0
,0,0.0
,0,0.0
,0,0.0
,0,0.0
,0,0.0
,0,0.0
,0,0.0
,0,0.0
,0,0.0
,0,0.0
,0,0.0
,0,0.0
,0,0.0
,0,0.0
,0,0.0
,0,0.0
,0,0.0
,0,0.0
,0,0.0
,0,0.0
,0,0.0
,0,0.0
,0,0.0
,0,0.0
,0,0.0
,0,0.0
,0,0.0
,0,0.0
,0,0.0
,0,0.0
,0,0.0
,0,0.0
,0,0.0
,0,0.0
,0,0.0
,0,0.0
,0,0.0
,0,0.0
,0,0.0
,0,0.0
,0,0.0
,0,0.0
,0,0.0
,0,0.0
,0,0.0
,0,0.0
,0,0.0
,0,0.0
,0,0.0
,0,0.0
,0,0.0
,0,0.0
,0,0.0
,0,0.0
,0,0.0
,0,0.0
,0,0.0
,0,0.0
,0,0.0
,0,0.0
,0,0.0
,0,0.0
,0,0.0
,0,0.0
,0,0.0
,0,0.0
,0,0.0
,0,0.0
,0,0.0
,0,0.0
,0,0.0
,0,0.0
,0,0.0
,0,0.0
,0,0.0
,0,0.0
,0,0.0
,0,0.0
,0,0.0
,0,0.0
,0,0.0
,0,0.0
,0,0.0
,0,0.0
,0,0.0
,0,0.0
,0,0.0
,0,0.0
,0,0.0
,0,0.0
,0,0.0
,0,0.0
,0,0.0
,0,0.0
,0,0.0
,0,0.0
,0,0.0
,0,0.0
,0,0.0
,0,0.0
,0,0.0
,0,0.0
250.78244225650894,0,0.2727272727272727
254.82677018618756,0,0.2727272727272727
255.68799674005822,0,0.8333333333333334
253.42677087325333,0,0.6363636363636364
,0,0.0
,0,0.0
251.50855609460996,0,0.2727272727272727
256.189523069445,0,0.2727272727272727
,0,0.0
,0,0.0
,0,0.0
,0,0.0
,0,0.0
,0,0.0
,0,0.0
,0,0.0
,0,0.0
,0,0.0
,0,0.0
,0,0.0
,0,0.0
,0,0.0
,0,0.0
,0,0.0
,0,0.0
,0,0.0
,0,0.0
,0,0.0
,0,0.0
,0,0.0
,0,0.0
,0,0.0
,0,0.0
,0,0.0
,0,0.0
,0,0.0
,0,0.0
,0,0.0
,0,0.0
,0,0.0
,0,0.0
,0,0.0
,0,0.0
,0,0.0
,0,0.0
,0,0.0
,0,0.0
,0,0.0
,0,0.0
,0,0.0
,0,0.0
,0,0.0
,0,0.0
,0,0.0
,0,0.0
,0,0.0
,0,0.0
,0,0.0
,0,0.0
,0,0.0
,0,0.0
,0,0.0
,0,0.0
,0,0.0
,0,0.0
,0,0.0
,0,0.0
,0,0.0
,0,0.0
,0,0.0
,0,0.0
,0,0.0
,0,0.0
,0,0.0
,0,0.0
,0,0.0
,0,0.0
,0,0.0
,0,0.0
,0,0.0
,0,0.0
,0,0.0
,0,0.0
,0,0.0
,0,0.0
,0,0.0
,0,0.0
,0,0.0
,0,0.0
,0,0.0
,0,0.0
,0,0.0
,0,0.0
,0,0.0
,0,0.0
,0,0.0
,0,0.0
,0,0.0
,0,0.0
,0,0.0
,0,0.0
,0,0.0
,0,0.0
,0,0.0
,0,0.0
,0,0.0
,0,0.0
,0,0.0
,0,0.0
,0,0.0
,0,0.0
,0,0.0
,0,0.0
,0,0.0
,0,0.0
,0,0.0
,0,0.0
,0,0.0
,0,0.0
,0,0.0
,0,0.0
,0,0.0
,0,0.0
,0,0.0
,0,0.0
,0,0.0
,0,0.0
,0,0.0
,0,0.0
,0,0.0
,0,0.0
,0,0.0
,0,0.0
,0,0.0
,0,0.0
,0,0.0
,0,0.0
,0,0.0
,0,0.0
,0,0.0
,0,0.0
,0,0.0
,0,0.0
266.40292705475366,0,0.09090909090909091
269.79618804661266,0,0.45454545454545453
,0,0.0
313.15890986708666,0,0.09090909090909091
356.6537561769072,0,0.6363636363636364
343.12166407931574,0,0.8181818181818182
339.7846791825453,0,0.3333333333333333
,0,0.0
,0,0.0
,0,0.0
,0,0.0
,0,0.0
,0,0.0
,0,0.0
,0,0.0
,0,0.0
,0,0.0
,0,0.0
,0,0.0
,0,0.0
,0,0.0
,0,0.0
,0,0.0
,0,0.0
,0,0.0
,0,0.0
,0,0.0
,0,0.0
,0,0.0
,0,0.0
,0,0.0
,0,0.0
,0,0.0
,0,0.0
,0,0.0
,0,0.0
,0,0.0
,0,0.0
,0,0.0
,0,0.0
,0,0.0
,0,0.0
,0,0.0
,0,0.0
,0,0.0
441.34894031737844,0,0.7272727272727273
499.89245952260535,0,0.6363636363636364
467.1367122229763,0,0.08333333333333333
478.9681091345262,0,0.2727272727272727
,0,0.0
,0,0.0
,0,0.0
,0,0.0
,0,0.0
,0,0.0
,0,0.0
,0,0.0
,0,0.0
,0,0.0
,0,0.0
,0,0.0
,0,0.0
,0,0.0
,0,0.0
,0,0.0
,0,0.0
,0,0.0
,0,0.0
,0,0.0
,0,0.0
,0,0.0
,0,0.0
,0,0.0
,0,0.0
,0,0.0
,0,0.0
,0,0.0
,0,0.0
,0,0.0
,0,0.0
,0,0.0
,0,0.0
,0,0.0
,0,0.0
,0,0.0
,0,0.0
,0,0.0
,0,0.0
,0,0.0
,0,0.0
,0,0.0
,0,0.0
,0,0.0
,0,0.0
,0,0.0
,0,0.0
,0,0.0
,0,0.0
,0,0.0
,0,0.0
,0,0.0
,0,0.0
,0,0.0
,0,0.0
,0,0.0
,0,0.0
,0,0.0
,0,0.0
,0,0.0
,0,0.0
,0,0.0
,0,0.0
,0,0.0
,0,0.0
,0,0.0
,0,0.0
,0,0.0
,0,0.0
,0,0.0
,0,0.0
,0,0.0
,0,0.0
,0,0.0
,0,0.0
,0,0.0
,0,0.0
,0,0.0
,0,0.0
,0,0.0
,0,0.0
,0,0.0
,0,0.0
,0,0.0
,0,0.0
,0,0.0
,0,0.0
,0,0.0
,0,0.0
,0,0.0
,0,0.0
,0,0.0
,0,0.0
,0,0.0
,0,0.0
,0,0.0
,0,0.0
,0,0.0
,0,0.0
,0,0.0
,0,0.0
,0,0.0
,0,0.0
,0,0.0
,0,0.0
,0,0.0
,0,0.0
,0,0.0
,0,0.0
,0,0.0
,0,0.0
,0,0.0
,0,0.0
,0,0.0
,0,0.0
,0,0.0
,0,0.0
,0,0.0
,0,0.0
,0,0.0
,0,0.0
,0,0.0
,0,0.0
,0,0.0
,0,0.0
,0,0.0
,0,0.0
,0,0.0
,0,0.0
,0,0.0
,0,0.0
,0,0.0
,0,0.0
,0,0.0
,0,0.0
,0,0.0
,0,0.0
,0,0.0
,0,0.0
,0,0.0
,0,0.0
,0,0.0
,0,0.0
,0,0.0
,0,0.0
,0,0.0
,0,0.0
,0,0.0
,0,0.0
,0,0.0
,0,0.0
,0,0.0
,0,0.0
,0,0.0
,0,0.0
,0,0.0
,0,0.0
,0,0.0
,0,0.0
,0,0.0
,0,0.0
,0,0.0
,0,0.0
,0,0.0
,0,0.0
,0,0.0
,0,0.0
,0,0.0
,0,0.0
,0,0.0
,0,0.0
,0,0.0
,0,0.0
,0,0.0
,0,0.0
,0,0.0
,0,0.0
,0,0.0
,0,0.0
,0,0.0
,0,0.0
,0,0.0
,0,0.0
,0,0.0
,0,0.0
,0,0.0
,0,0.0
,0,0.0
,0,0.0
,0,0.0
,0,0.0
,0,0.0
,0,0.0
,0,0.0
,0,0.0
,0,0.0
,0,0.0
,0,0.0
,0,0.0
,0,0.0
,0,0.0
,0,0.0
,0,0.0
,0,0.0
,0,0.0
,0,0.0
,0,0.0
,0,0.0
,0,0.0
,0,0.0
,0,0.0
,0,0.0
,0,0.0
,0,0.0
,0,0.0
,0,0.0
,0,0.0
,0,0.0
,0,0.0
,0,0.0
,0,0.0
,0,0.0
,0,0.0
,0,0.0
,0,0.0
,0,0.0
,0,0.0
,0,0.0
,0,0.0
,0,0.0
,0,0.0
,0,0.0
,0,0.0
,0,0.0
,0,0.0
,0,0.0
,0,0.0
,0,0.0
,0,0.0
,0,0.0
,0,0.0
,0,0.0
,0,0.0
,0,0.0
,0,0.0
,0,0.0
,0,0.0
,0,0.0
,0,0.0
,0,0.0
,0,0.0
,0,0.0
,0,0.0
,0,0.0
,0,0.0
,0,0.0
,0,0.0
,0,0.0
,0,0.0
,0,0.0
,0,0.0
,0,0.0
,0,0.0
,0,0.0
,0,0.0
,0,0.0
,0,0.0
,0,0.0
,0,0.0
,0,0.0
,0,0.0
,0,0.0
,0,0.0
,0,0.0
,0,0.0
,0,0.0
,0,0.0
,0,0.0
,0,0.0
,0,0.0
,0,0.0
,0,0.0
,0,0.0
,0,0.0
,0,0.0
,0,0.0
,0,0.0
,0,0.0
,0,0.0
,0,0.0
,0,0.0
,0,0.0
,0,0.0
,0,0.0
,0,0.0
,0,0.0
,0,0.0
,0,0.0
,0,0.0
,0,0.0
,0,0.0
,0,0.0
,0,0.0
,0,0.0
,0,0.0
,0,0.0
,0,0.0
,0,0.0
,0,0.0
,0,0.0
,0,0.0
,0,0.0
,0,0.0
,0,0.0
,0,0.0
,0,0.0
,0,0.0
,0,0.0
,0,0.0
,0,0.0
,0,0.0
,0,0.0
,0,0.0
,0,0.0
,0,0.0
,0,0.0
,0,0.0
,0,0.0
,0,0.0
,0,0.0
,0,0.0
,0,0.0
,0,0.0
,0,0.0
,0,0.0
,0,0.0
,0,0.0
,0,0.0
,0,0.0
,0,0.0
,0,0.0
,0,0.0
,0,0.0
,0,0.0
,0,0.0
,0,0.0
,0,0.0
,0,0.0
257.43255431659617,0,0.36363636363636365
259.84595445181964,0,1.0
252.2828194519294,0,1.0
254.6516884765059,0,1.0
252.27643823407647,0,0.18181818181818182
254.42953174375603,0,0.8181818181818182
256.6316766048409,0,0.5454545454545454
256.6753961092918,0,1.0
256.3032827180489,0,0.9090909090909091
262.01571595585114,0,1.0
263.82665087391706,0,1.0
260.57474922172236,0,1.0
256.87118683944806,0,0.9090909090909091
261.65304771308655,0,1.0
255.3438723091761,0,1.0
256.56861059586595,0,1.0
263.67234909201096,0,0.7272727272727273
264.97991858624505,0,0.2727272727272727
266.82923914972974,0,1.0
,0,0.0
,0,0.0
,0,0.0
,0,0.0
,0,0.0
,0,0.0
,0,0.0
,0,0.0
,0,0.0
,0,0.0
,0,0.0
,0,0.0
,0,0.0
267.9759606241045,0,0.5454545454545454
,0,0.0
,0,0.0
,0,0.0
,0,0.0
,0,0.0
,0,0.0
,0,0.0
,0,0.0
,0,0.0
,0,0.0
,0,0.0
,0,0.0
,0,0.0
,0,0.0
,0,0.0
,0,0.0
,0,0.0
,0,0.0
,0,0.0
,0,0.0
,0,0.0
,0,0.0
,0,0.0
,0,0.0
,0,0.0
,0,0.0
,0,0.0
,0,0.0
,0,0.0
,0,0.0
,0,0.0
,0,0.0
391.882972697828,0,0.36363636363636365
,0,0.0
,0,0.0
271.89264450110005,0,0.75
272.27283329163566,0,1.0
273.4766412874953,0,0.5454545454545454
,0,0.0
,0,0.0
,0,0.0
,0,0.0
399.78208352518055,0,0.2727272727272727
375.02128654097817,0,0.9166666666666666
359.35465472510145,0,0.8181818181818182
361.0736671388554,0,1.0
396.6184388348245,0,1.0
445.85292995217475,0,0.5454545454545454
,0,0.0
,0,0.0
,0,0.0
,0,0.0
,0,0.0
,0,0.0
,0,0.0
,0,0.0
,0,0.0
,0,0.0
,0,0.0
,0,0.0
,0,0.0
,0,0.0
,0,0.0
,0,0.0
,0,0.0
,0,0.0
,0,0.0
,0,0.0
,0,0.0
,0,0.0
,0,0.0
,0,0.0
,0,0.0
,0,0.0
,0,0.0
,0,0.0
,0,0.0
,0,0.0
,0,0.0
,0,0.0
,0,0.0
267.1187912960023,0,0.5454545454545454
265.57020601631683,0,1.0
260.75331997385933,0,1.0
258.68021548448525,0,1.0
258.0995144089118,0,0.18181818181818182
,0,0.0
,0,0.0
,0,0.0
,0,0.0
,0,0.0
,0,0.0
,0,0.0
,0,0.0
,0,0.0
,0,0.0
,0,0.0
,0,0.0
,0,0.0
,0,0.0
,0,0.0
,0,0.0
,0,0.0
316.55638021762525,0,0.18181818181818182
311.93245583529375,0,1.0
296.0705181479709,0,0.18181818181818182
,0,0.0
,0,0.0
,0,0.0
,0,0.0
,0,0.0
,0,0.0
,0,0.0
,0,0.0
,0,0.0
,0,0.0
,0,0.0
,0,0.0
,0,0.0
,0,0.0
,0,0.0
,0,0.0
,0,0.0
,0,0.0
,0,0.0
,0,0.0
,0,0.0
,0,0.0
,0,0.0
,0,0.0
,0,0.0
,0,0.0
,0,0.0
,0,0.0
,0,0.0
,0,0.0
,0,0.0
,0,0.0
,0,0.0
,0,0.0
,0,0.0
,0,0.0
,0,0.0
,0,0.0
,0,0.0
,0,0.0
,0,0.0
,0,0.0
,0,0.0
,0,0.0
,0,0.0
,0,0.0
,0,0.0
,0,0.0
,0,0.0
,0,0.0
,0,0.0
,0,0.0
,0,0.0
,0,0.0
,0,0.0
,0,0.0
,0,0.0
,0,0.0
,0,0.0
,0,0.0
,0,0.0
,0,0.0
,0,0.0
,0,0.0
,0,0.0
,0,0.0
,0,0.0
,0,0.0
,0,0.0
,0,0.0
,0,0.0
,0,0.0
,0,0.0
,0,0.0
,0,0.0
,0,0.0
,0,0.0
,0,0.0
,0,0.0
,0,0.0
,0,0.0
,0,0.0
,0,0.0
,0,0.0
,0,0.0
,0,0.0
,0,0.0
,0,0.0
,0,0.0
,0,0.0
,0,0.0
,0,0.0
,0,0.0
,0,0.0
,0,0.0
,0,0.0
,0,0.0
,0,0.0
,0,0.0
,0,0.0
,0,0.0
,0,0.0
,0,0.0
,0,0.0
,0,0.0
,0,0.0
,0,0.0
,0,0.0
,0,0.0
,0,0.0
,0,0.0
,0,0.0
,0,0.0
,0,0.0
,0,0.0
,0,0.0
,0,0.0
,0,0.0
,0,0.0
,0,0.0
,0,0.0
,0,0.0
,0,0.0
,0,0.0
,0,0.0
,0,0.0
,0,0.0
,0,0.0
,0,0.0
,0,0.0
,0,0.0
,0,0.0
,0,0.0
,0,0.0
,0,0.0
,0,0.0
,0,0.0
,0,0.0
,0,0.0
,0,0.0
,0,0.0
,0,0.0
,0,0.0
,0,0.0
,0,0.0
,0,0.0
,0,0.0
,0,0.0
,0,0.0
,0,0.0
,0,0.0
,0,0.0
,0,0.0
,0,0.0
,0,0.0
,0,0.0
,0,0.0
,0,0.0
,0,0.0
,0,0.0
,0,0.0
,0,0.0
,0,0.0
,0,0.0
,0,0.0
,0,0.0
,0,0.0
,0,0.0
,0,0.0
,0,0.0
,0,0.0
,0,0.0
,0,0.0
,0,0.0
,0,0.0
,0,0.0
,0,0.0
,0,0.0
,0,0.0
,0,0.0
,0,0.0
,0,0.0
,0,0.0
,0,0.0
281.5915550082283,0,0.18181818181818182
260.15866761759025,0,0.5454545454545454
254.42840553780118,0,0.5454545454545454
,0,0.0
,0,0.0
284.8546171107453,0,0.7272727272727273
299.7137266219388,0,0.25
,0,0.0
,0,0.0
,0,0.0
,0,0.0
,0,0.0
,0,0.0
,0,0.0
,0,0.0
,0,0.0
,0,0.0
,0,0.0
,0,0.0
,0,0.0
,0,0.0
,0,0.0
,0,0.0
,0,0.0
,0,0.0
,0,0.0
,0,0.0
,0,0.0
,0,0.0
,0,0.0
,0,0.0
,0,0.0
,0,0.0
,0,0.0
,0,0.0
,0,0.0
,0,0.0
,0,0.0
,0,0.0
,0,0.0
,0,0.0
,0,0.0
,0,0.0
,0,0.0
,0,0.0
,0,0.0
,0,0.0
,0,0.0
,0,0.0
,0,0.0
,0,0.0
,0,0.0
,0,0.0
,0,0.0
,0,0.0
,0,0.0
,0,0.0
,0,0.0
,0,0.0
,0,0.0
,0,0.0
,0,0.0
,0,0.0
,0,0.0
,0,0.0
,0,0.0
,0,0.0
,0,0.0
,0,0.0
,0,0.0
,0,0.0
,0,0.0
,0,0.0
,0,0.0
,0,0.0
,0,0.0
,0,0.0
,0,0.0
,0,0.0
,0,0.0
,0,0.0
,0,0.0
,0,0.0
,0,0.0
,0,0.0
,0,0.0
,0,0.0
,0,0.0
,0,0.0
,0,0.0
,0,0.0
,0,0.0
,0,0.0
,0,0.0
,0,0.0
,0,0.0
,0,0.0
,0,0.0
,0,0.0
,0,0.0
,0,0.0
,0,0.0
,0,0.0
,0,0.0
,0,0.0
,0,0.0
,0,0.0
,0,0.0
,0,0.0
,0,0.0
,0,0.0
,0,0.0
,0,0.0
,0,0.0
,0,0.0
,0,0.0
,0,0.0
,0,0.0
,0,0.0
,0,0.0
,0,0.0
,0,0.0
,0,0.0
,0,0.0
,0,0.0
,0,0.0
,0,0.0
,0,0.0
,0,0.0
,0,0.0
,0,0.0
,0,0.0
,0,0.0
,0,0.0
,0,0.0
,0,0.0
,0,0.0
,0,0.0
,0,0.0
,0,0.0
,0,0.0
,0,0.0
,0,0.0
,0,0.0
,0,0.0
,0,0.0
,0,0.0
,0,0.0
,0,0.0
,0,0.0
,0,0.0
,0,0.0
,0,0.0
,0,0.0
,0,0.0
,0,0.0
,0,0.0
,0,0.0
,0,0.0
,0,0.0
,0,0.0
,0,0.0
,0,0.0
,0,0.0
,0,0.0
,0,0.0
,0,0.0
,0,0.0
,0,0.0
,0,0.0
,0,0.0
,0,0.0
,0,0.0
,0,0.0
,0,0.0
,0,0.0
,0,0.0
,0,0.0
,0,0.0
,0,0.0
,0,0.0
,0,0.0
,0,0.0
,0,0.0
,0,0.0
,0,0.0
,0,0.0
,0,0.0
,0,0.0
,0,0.0
,0,0.0
,0,0.0
,0,0.0
,0,0.0
,0,0.0
,0,0.0
,0,0.0
,0,0.0
,0,0.0
,0,0.0
,0,0.0
,0,0.0
,0,0.0
,0,0.0
,0,0.0
,0,0.0
,0,0.0
,0,0.0
,0,0.0
,0,0.0
,0,0.0
,0,0.0
,0,0.0
,0,0.0
,0,0.0
,0,0.0
,0,0.0
,0,0.0
,0,0.0
,0,0.0
,0,0.0
,0,0.0
,0,0.0
,0,0.0
,0,0.0
,0,0.0
,0,0.0
,0,0.0
,0,0.0
,0,0.0
,0,0.0
,0,0.0
,0,0.0
,0,0.0
,0,0.0
,0,0.0
,0,0.0
,0,0.0
,0,0.0
,0,0.0
,0,0.0
,0,0.0
,0,0.0
,0,0.0
,0,0.0
,0,0.0
,0,0.0
,0,0.0
,0,0.0
,0,0.0
,0,0.0
,0,0.0
,0,0.0
,0,0.0
,0,0.0
,0,0.0
,0,0.0
,0,0.0
,0,0.0
,0,0.0
,0,0.0
,0,0.0
,0,0.0
,0,0.0
,0,0.0
,0,0.0
,0,0.0
,0,0.0
,0,0.0
,0,0.0
,0,0.0
,0,0.0
,0,0.0
,0,0.0
,0,0.0
,0,0.0
,0,0.0
,0,0.0
,0,0.0
,0,0.0
,0,0.0
,0,0.0
,0,0.0
,0,0.0
,0,0.0
,0,0.0
,0,0.0
,0,0.0
,0,0.0
,0,0.0
,0,0.0
,0,0.0
,0,0.0
,0,0.0
,0,0.0
,0,0.0
,0,0.0
,0,0.0
,0,0.0
,0,0.0
,0,0.0
,0,0.0
,0,0.0
,0,0.0
,0,0.0
,0,0.0
,0,0.0
,0,0.0
,0,0.0
,0,0.0
,0,0.0
,0,0.0
,0,0.0
,0,0.0
,0,0.0
,0,0.0
,0,0.0
,0,0.0
,0,0.0
,0,0.0
,0,0.0
,0,0.0
,0,0.0
,0,0.0
,0,0.0
,0,0.0
,0,0.0
,0,0.0
,0,0.0
,0,0.0
,0,0.0
,0,0.0
,0,0.0
,0,0.0
,0,0.0
,0,0.0
,0,0.0
,0,0.0
,0,0.0
,0,0.0
,0,0.0
,0,0.0
,0,0.0
,0,0.0
,0,0.0
,0,0.0
,0,0.0
,0,0.0
252.56302420470942,0,0.8181818181818182
,0,0.0
,0,0.0
280.2021854129052,0,0.2727272727272727
271.69331031109846,0,1.0
266.1048023750306,0,0.7272727272727273
264.21650890720855,0,0.45454545454545453
289.74803041843387,0,1.0
294.4986686569069,0,1.0
314.83712557240386,0,1.0
297.66644596926415,0,0.75
306.05728760062067,0,0.5454545454545454
,0,0.0
,0,0.0
,0,0.0
,0,0.0
,0,0.0
,0,0.0
,0,0.0
,0,0.0
,0,0.0
,0,0.0
,0,0.0
,0,0.0
,0,0.0
,0,0.0
,0,0.0
,0,0.0
,0,0.0
,0,0.0
,0,0.0
,0,0.0
,0,0.0
,0,0.0
,0,0.0
,0,0.0
,0,0.0
,0,0.0
,0,0.0
,0,0.0
,0,0.0
,0,0.0
,0,0.0
,0,0.0
,0,0.0
,0,0.0
,0,0.0
,0,0.0
,0,0.0
,0,0.0
,0,0.0
,0,0.0
,0,0.0
,0,0.0
,0,0.0
,0,0.0
,0,0.0
,0,0.0
,0,0.0
,0,0.0
,0,0.0
,0,0.0
,0,0.0
,0,0.0
,0,0.0
,0,0.0
,0,0.0
,0,0.0
,0,0.0
,0,0.0
,0,0.0
,0,0.0
,0,0.0
,0,0.0
,0,0.0
,0,0.0
,0,0.0
,0,0.0
,0,0.0
,0,0.0
,0,0.0
,0,0.0
,0,0.0
,0,0.0
,0,0.0
,0,0.0
,0,0.0
,0,0.0
,0,0.0
,0,0.0
,0,0.0
,0,0.0
,0,0.0
,0,0.0
,0,0.0
,0,0.0
,0,0.0
,0,0.0
,0,0.0
,0,0.0
,0,0.0
,0,0.0
,0,0.0
,0,0.0
,0,0.0
,0,0.0
,0,0.0
,0,0.0
,0,0.0
,0,0.0
,0,0.0
,0,0.0
,0,0.0
,0,0.0
,0,0.0
,0,0.0
,0,0.0
,0,0.0
,0,0.0
,0,0.0
,0,0.0
,0,0.0
,0,0.0
,0,0.0
,0,0.0
,0,0.0
,0,0.0
,0,0.0
,0,0.0
,0,0.0
,0,0.0
,0,0.0
,0,0.0
,0,0.0
,0,0.0
,0,0.0
,0,0.0
,0,0.0
,0,0.0
,0,0.0
,0,0.0
,0,0.0
,0,0.0
,0,0.0
,0,0.0
,0,0.0
,0,0.0
,0,0.0
,0,0.0
,0,0.0
,0,0.0
,0,0.0
,0,0.0
,0,0.0
,0,0.0
,0,0.0
,0,0.0
307.06188245444514,0,1.0
311.30961902106816,0,0.6363636363636364
,0,0.0
,0,0.0
,0,0.0
,0,0.0
,0,0.0
,0,0.0
,0,0.0
,0,0.0
,0,0.0
,0,0.0
,0,0.0
,0,0.0
,0,0.0
,0,0.0
,0,0.0
,0,0.0
,0,0.0
,0,0.0
,0,0.0
,0,0.0
,0,0.0
,0,0.0
,0,0.0
,0,0.0
,0,0.0
,0,0.0
,0,0.0
,0,0.0
,0,0.0
,0,0.0
,0,0.0
,0,0.0
,0,0.0
,0,0.0
,0,0.0
,0,0.0
,0,0.0
,0,0.0
,0,0.0
,0,0.0
,0,0.0
,0,0.0
,0,0.0
,0,0.0
,0,0.0
,0,0.0
,0,0.0
,0,0.0
,0,0.0
,0,0.0
,0,0.0
,0,0.0
,0,0.0
,0,0.0
,0,0.0
,0,0.0
,0,0.0
,0,0.0
,0,0.0
,0,0.0
,0,0.0
,0,0.0
,0,0.0
,0,0.0
,0,0.0
,0,0.0
,0,0.0
,0,0.0
,0,0.0
,0,0.0
,0,0.0
,0,0.0
,0,0.0
,0,0.0
,0,0.0
,0,0.0
,0,0.0
,0,0.0
,0,0.0
,0,0.0
,0,0.0
,0,0.0
,0,0.0
,0,0.0
,0,0.0
,0,0.0
,0,0.0
,0,0.0
,0,0.0
,0,0.0
,0,0.0
,0,0.0
,0,0.0
,0,0.0
,0,0.0
,0,0.0
,0,0.0
,0,0.0
,0,0.0
,0,0.0
,0,0.0
,0,0.0
,0,0.0
,0,0.0
,0,0.0
,0,0.0
,0,0.0
,0,0.0
,0,0.0
,0,0.0
,0,0.0
,0,0.0
,0,0.0
,0,0.0
,0,0.0
,0,0.0
,0,0.0
,0,0.0
,0,0.0
,0,0.0
,0,0.0
,0,0.0
,0,0.0
,0,0.0
,0,0.0
,0,0.0
,0,0.0
,0,0.0
,0,0.0
,0,0.0
,0,0.0
,0,0.0
,0,0.0
,0,0.0
,0,0.0
,0,0.0
,0,0.0
,0,0.0
,0,0.0
,0,0.0
,0,0.0
,0,0.0
,0,0.0
,0,0.0
,0,0.0
,0,0.0
,0,0.0
,0,0.0
,0,0.0
,0,0.0
,0,0.0
,0,0.0
,0,0.0
,0,0.0
,0,0.0
,0,0.0
,0,0.0
,0,0.0
,0,0.0
,0,0.0
,0,0.0
,0,0.0
,0,0.0
,0,0.0
,0,0.0
,0,0.0
,0,0.0
,0,0.0
,0,0.0
,0,0.0
,0,0.0
,0,0.0
,0,0.0
,0,0.0
,0,0.0
,0,0.0
,0,0.0
,0,0.0
,0,0.0
,0,0.0
,0,0.0
,0,0.0
,0,0.0
,0,0.0
,0,0.0
,0,0.0
,0,0.0
,0,0.0
,0,0.0
,0,0.0
,0,0.0
,0,0.0
,0,0.0
,0,0.0
,0,0.0
,0,0.0
,0,0.0
,0,0.0
,0,0.0
,0,0.0
,0,0.0
,0,0.0
,0,0.0
,0,0.0
,0,0.0
,0,0.0
,0,0.0
,0,0.0
,0,0.0
,0,0.0
,0,0.0
,0,0.0
,0,0.0
,0,0.0
,0,0.0
,0,0.0
,0,0.0
,0,0.0
,0,0.0
,0,0.0
,0,0.0
,0,0.0
,0,0.0
,0,0.0
,0,0.0
,0,0.0
,0,0.0
,0,0.0
,0,0.0
,0,0.0
,0,0.0
,0,0.0
,0,0.0
,0,0.0
,0,0.0
,0,0.0
,0,0.0
,0,0.0
,0,0.0
,0,0.0
,0,0.0
,0,0.0
,0,0.0
,0,0.0
,0,0.0
,0,0.0
,0,0.0
,0,0.0
,0,0.0
,0,0.0
,0,0.0
,0,0.0
,0,0.0
,0,0.0
,0,0.0
,0,0.0
,0,0.0
,0,0.0
,0,0.0
,0,0.0
510.76544732933814,0,0.4166666666666667
512.6056501036733,0,0.36363636363636365
512.3166382323411,0,0.0
513.0545974227091,0,0.0
510.6963712561803,0,0.0
512.6125412319029,0,0.0
512.3957784533045,0,0.0
511.68074498119336,0,0.0
511.29208165568343,0,0.0
512.5427077961475,0,0.0
512.7055204602605,0,0.0
504.94929390987636,0,0.0
512.7395884266945,0,0.0
511.97195089045215,0,0.0
513.0564209617694,0,0.0
,0,0.0
,0,0.0
,0,0.0
,0,0.0
,0,0.0
,0,0.0
,0,0.0
,0,0.0
,0,0.0
,0,0.0
,0,0.0
,0,0.0
,0,0.0
,0,0.0
,0,0.0
512.7237079139084,0,0.0
512.483030179539,0,0.0
513.0836491901053,0,0.0
,0,0.0
511.5227148600287,0,0.0
512.626465345274,0,0.0
512.3967757871143,0,0.0
512.5005028725101,0,0.0
512.5241515873508,0,0.0
505.7257771808638,0,0.0
,0,0.0
,0,0.0
,0,0.0
,0,0.0
,0,0.0
,0,0.0
,0,0.0
,0,0.0
,0,0.0
,0,0.0
,0,0.0
,0,0.0
,0,0.0
,0,0.0
,0,0.0
,0,0.0
,0,0.0
,0,0.0
,0,0.0
,0,0.0
,0,0.0
,0,0.0
,0,0.0
,0,0.0
,0,0.0
,0,0.0
,0,0.0
,0,0.0
,0,0.0
,0,0.0
,0,0.0
,0,0.0
,0,0.0
,0,0.0
,0,0.0
,0,0.0
,0,0.0
,0,0.0
,0,0.0
,0,0.0
,0,0.0
,0,0.0
,0,0.0
,0,0.0
,0,0.0
,0,0.0
,0,0.0
,0,0.0
409.97306494758845,0,0.0
410.1004218250751,0,0.0
410.63166998623365,0,0.0
408.0874500368165,0,0.0
,0,0.0
,0,0.0
,0,0.0
,0,0.0
,0,0.0
,0,0.0
,0,0.0
,0,0.0
,0,0.0
,0,0.0
,0,0.0
,0,0.0
,0,0.0
,0,0.0
,0,0.0
,0,0.0
,0,0.0
,0,0.0
,0,0.0
,0,0.0
,0,0.0
,0,0.0
,0,0.0
,0,0.0
,0,0.0
,0,0.0
,0,0.0
,0,0.0
,0,0.0
,0,0.0
,0,0.0
,0,0.0
,0,0.0
,0,0.0
,0,0.0
,0,0.0
,0,0.0
,0,0.0
,0,0.0
,0,0.0
,0,0.0
,0,0.0
,0,0.0
,0,0.0
,0,0.0
,0,0.0
,0,0.0
,0,0.0
,0,0.0
,0,0.0
,0,0.0
,0,0.0
,0,0.0
,0,0.0
,0,0.0
,0,0.0
,0,0.0
,0,0.0
,0,0.0
,0,0.0
,0,0.0
,0,0.0
,0,0.0
,0,0.0
,0,0.0
,0,0.0
,0,0.0
,0,0.0
,0,0.0
,0,0.0
,0,0.0
,0,0.0
,0,0.0
,0,0.0
,0,0.0
,0,0.0
,0,0.0
,0,0.0
,0,0.0
,0,0.0
,0,0.0
,0,0.0
,0,0.0
,0,0.0
,0,0.0
,0,0.0
,0,0.0
,0,0.0
,0,0.0
,0,0.0
,0,0.0
,0,0.0
,0,0.0
,0,0.0
,0,0.0
,0,0.0
,0,0.0
,0,0.0
,0,0.0
,0,0.0
,0,0.0
,0,0.0
,0,0.0
,0,0.0
,0,0.0
,0,0.0
,0,0.0
,0,0.0
,0,0.0
,0,0.0
,0,0.0
,0,0.0
,0,0.0
,0,0.0
,0,0.0
,0,0.0
,0,0.0
,0,0.0
,0,0.0
,0,0.0
,0,0.0
,0,0.0
,0,0.0
,0,0.0
,0,0.0
,0,0.0
,0,0.0
,0,0.0
,0,0.0
,0,0.0
,0,0.0
,0,0.0
,0,0.0
,0,0.0
,0,0.0
,0,0.0
,0,0.0
,0,0.0
,0,0.0
,0,0.0
,0,0.0
,0,0.0
,0,0.0
,0,0.0
,0,0.0
,0,0.0
,0,0.0
,0,0.0
,0,0.0
,0,0.0
,0,0.0
,0,0.0
,0,0.0
,0,0.0
,0,0.0
,0,0.0
,0,0.0
,0,0.0
,0,0.0
,0,0.0
,0,0.0
,0,0.0
281.43195205287475,0,0.0
295.03070937175596,0,0.0
300.49473567434165,0,0.0
302.03912524604345,1,0.0
297.70724341965973,0,0.0
297.9887160849583,0,0.0
300.60684324423073,0,0.0
,0,0.0
,0,0.0
,0,0.0
,0,0.0
,0,0.0
,0,0.0
,0,0.0
,0,0.0
,0,0.0
,0,0.0
,0,0.0
,0,0.0
,0,0.0
,0,0.0
,0,0.0
,0,0.0
,0,0.0
,0,0.0
,0,0.0
,0,0.0
,0,0.0
,0,0.0
,0,0.0
,0,0.0
,0,0.0
,0,0.0
,0,0.0
,0,0.0
,0,0.0
,0,0.0
,0,0.0
,0,0.0
,0,0.0
,0,0.0
,0,0.0
,0,0.0
,0,0.0
,0,0.0
,0,0.0
,0,0.0
,0,0.0
,0,0.0
,0,0.0
,0,0.0
,0,0.0
,0,0.0
,0,0.0
,0,0.0
,0,0.0
,0,0.0
,0,0.0
,0,0.0
,0,0.0
,0,0.0
,0,0.0
,0,0.0
,0,0.0
,0,0.0
,0,0.0
,0,0.0
,0,0.0
,0,0.0
,0,0.0
,0,0.0
,0,0.0
,0,0.0
,0,0.0
,0,0.0
,0,0.0
,0,0.0
,0,0.0
,0,0.0
,0,0.0
,0,0.0
,0,0.0
,0,0.0
,0,0.0
,0,0.0
,0,0.0
,0,0.0
,0,0.0
,0,0.0
,0,0.0
,0,0.0
,0,0.0
,0,0.0
,0,0.0
,0,0.0
,0,0.0
,0,0.0
,0,0.0
,0,0.0
,0,0.0
,0,0.0
,0,0.0
,0,0.0
,0,0.0
,0,0.0
,0,0.0
,0,0.0
,0,0.0
,0,0.0
,0,0.0
,0,0.0
,0,0.0
,0,0.0
,0,0.0
,0,0.0
,0,0.0
,0,0.0
,0,0.0
,0,0.0
,0,0.0
,0,0.0
,0,0.0
,0,0.0
,0,0.0
,0,0.0
,0,0.0
,0,0.0
,0,0.0
,0,0.0
,0,0.0
,0,0.0
,0,0.0
,0,0.0
,0,0.0
,0,0.0
,0,0.0
,0,0.0
,0,0.0
,0,0.0
,0,0.0
,0,0.0
,0,0.0
,0,0.0
,0,0.0
,0,0.0
,0,0.0
,0,0.0
,0,0.0
,0,0.0
,0,0.0
,0,0.0
,0,0.0
,0,0.0
,0,0.0
,0,0.0
,0,0.0
,0,0.0
,0,0.0
,0,0.0
,0,0.0
,0,0.0
,0,0.0
,0,0.0
,0,0.0
,0,0.0
,0,0.0
,0,0.0
,0,0.0
,0,0.0
,0,0.0
,0,0.0
,0,0.0
,0,0.0
,0,0.0
,0,0.0
,0,0.0
,0,0.0
,0,0.0
,0,0.0
,0,0.0
,0,0.0
,0,0.0
,0,0.0
,0,0.0
,0,0.0
,0,0.0
,0,0.0
,0,0.0
,0,0.0
,0,0.0
,0,0.0
,0,0.0
468.31278784208575,0,0.0
436.0221255025553,0,0.0
,0,0.0
,0,0.0
,0,0.0
302.0432679397416,0,0.0
300.2936390458985,1,0.0
299.4939667282024,1,0.0
305.15161671087463,1,0.0
300.69768808420963,0,0.0
,0,0.0
,0,0.0
,0,0.0
,0,0.0
,0,0.0
,0,0.0
,0,0.0
,0,0.0
,0,0.0
,0,0.0
,0,0.0
,0,0.0
,0,0.0
,0,0.0
,0,0.0
,0,0.0
,0,0.0
,0,0.0
,0,0.0
,0,0.0
,0,0.0
,0,0.0
,0,0.0
,0,0.0
,0,0.0
,0,0.0
,0,0.0
,0,0.0
,0,0.0
,0,0.0
,0,0.0
,0,0.0
,0,0.0
,0,0.0
,0,0.0
,0,0.0
,0,0.0
,0,0.0
,0,0.0
,0,0.0
,0,0.0
,0,0.0
,0,0.0
,0,0.0
,0,0.0
,0,0.0
,0,0.0
,0,0.0
,0,0.0
,0,0.0
,0,0.0
,0,0.0
,0,0.0
,0,0.0
,0,0.0
,0,0.0
,0,0.0
,0,0.0
,0,0.0
,0,0.0
,0,0.0
,0,0.0
,0,0.0
,0,0.0
,0,0.0
,0,0.0
,0,0.0
,0,0.0
,0,0.0
,0,0.0
,0,0.0
,0,0.0
,0,0.0
,0,0.0
,0,0.0
,0,0.0
,0,0.0
,0,0.0
,0,0.0
,0,0.0
,0,0.0
,0,0.0
,0,0.0
,0,0.0
,0,0.0
,0,0.0
,0,0.0
,0,0.0
,0,0.0
,0,0.0
,0,0.0
,0,0.0
,0,0.0
,0,0.0
,0,0.0
,0,0.0
,0,0.0
,0,0.0
,0,0.0
,0,0.0
,0,0.0
,0,0.0
,0,0.0
,0,0.0
,0,0.0
,0,0.0
,0,0.0
,0,0.0
,0,0.0
,0,0.0
,0,0.0
,0,0.0
,0,0.0
,0,0.0
,0,0.0
,0,0.0
,0,0.0
,0,0.0
,0,0.0
,0,0.0
,0,0.0
,0,0.0
,0,0.0
,0,0.0
,0,0.0
,0,0.0
,0,0.0
,0,0.0
,0,0.0
,0,0.0
,0,0.0
,0,0.0
,0,0.0
,0,0.0
,0,0.0
,0,0.0
,0,0.0
,0,0.0
,0,0.0
,0,0.0
,0,0.0
,0,0.0
,0,0.0
,0,0.0
,0,0.0
,0,0.0
,0,0.0
,0,0.0
,0,0.0
,0,0.0
,0,0.0
,0,0.0
,0,0.0
,0,0.0
,0,0.0
,0,0.0
,0,0.0
,0,0.0
,0,0.0
,0,0.0
,0,0.0
,0,0.0
,0,0.0
,0,0.0
,0,0.0
,0,0.0
,0,0.0
,0,0.0
,0,0.0
,0,0.0
,0,0.0
,0,0.0
,0,0.0
,0,0.0
,0,0.0
,0,0.0
,0,0.0
,0,0.0
,0,0.0
,0,0.0
,0,0.0
,0,0.0
,0,0.0
,0,0.0
,0,0.0
,0,0.0
,0,0.0
,0,0.0
,0,0.0
,0,0.0
,0,0.0
,0,0.0
,0,0.0
,0,0.0
,0,0.0
,0,0.0
,0,0.0
,0,0.0
,0,0.0
,0,0.0
,0,0.0
,0,0.0
,0,0.0
,0,0.0
,0,0.0
,0,0.0
,0,0.0
,0,0.0
,0,0.0
,0,0.0
,0,0.0
,0,0.0
,0,0.0
,0,0.0
,0,0.0
,0,0.0
,0,0.0
,0,0.0
,0,0.0
,0,0.0
,0,0.0
,0,0.0
,0,0.0
,0,0.0
,0,0.0
,0,0.0
,0,0.0
,0,0.0
,0,0.0
,0,0.0
,0,0.0
,0,0.0
,0,0.0
,0,0.0
,0,0.0
,0,0.0
,0,0.0
,0,0.0
,0,0.0
,0,0.0
,0,0.0
,0,0.0
,0,0.0
,0,0.0
,0,0.0
,0,0.0
,0,0.0
,0,0.0
,0,0.0
,0,0.0
,0,0.0
,0,0.0
,0,0.0
,0,0.0
,0,0.0
,0,0.0
,0,0.0
,0,0.0
,0,0.0
,0,0.0
,0,0.0
,0,0.0
,0,0.0
,0,0.0
,0,0.0
,0,0.0
,0,0.0
,0,0.0
,0,0.0
,0,0.0
,0,0.0
,0,0.0
,0,0.0
,0,0.0
,0,0.0
,0,0.0
,0,0.0
,0,0.0
,0,0.0
,0,0.0
,0,0.0
,0,0.0
,0,0.0
,0,0.0
,0,0.0
,0,0.0
,0,0.0
,0,0.0
,0,0.0
,0,0.0
,0,0.0
,0,0.0
,0,0.0
,0,0.0
,0,0.0
,0,0.0
,0,0.0
,0,0.0
,0,0.0
,0,0.0
,0,0.0
,0,0.0
,0,0.0
,0,0.0
,0,0.0
,0,0.0
,0,0.0
,0,0.0
,0,0.0
,0,0.0
,0,0.0
,0,0.0
,0,0.0
,0,0.0
,0,0.0
,0,0.0
,0,0.0
,0,0.0
,0,0.0
,0,0.0
,0,0.0
,0,0.0
,0,0.0
,0,0.0
,0,0.0
,0,0.0
,0,0.0
,0,0.0
,0,0.0
,0,0.0
,0,0.0
,0,0.0
,0,0.0
,0,0.0
,0,0.0
,0,0.0
,0,0.0
,0,0.0
,0,0.0
,0,0.0
,0,0.0
,0,0.0
,0,0.0
,0,0.0
,0,0.0
,0,0.0
,0,0.0
,0,0.0
,0,0.0
,0,0.0
,0,0.0
,0,0.0
,0,0.0
,0,0.0
,0,0.0
,0,0.0
,0,0.0
,0,0.0
,0,0.0
,0,0.0
,0,0.0
,0,0.0
,0,0.0
,0,0.0
,0,0.0
,0,0.0
,0,0.0
,0,0.0
,0,0.0
,0,0.0
,0,0.0
,0,0.0
,0,0.0
,0,0.0
,0,0.0
,0,0.0
,0,0.0
,0,0.0
,0,0.0
,0,0.0
,0,0.0
,0,0.0
,0,0.0
,0,0.0
,0,0.0
,0,0.0
,0,0.0
,0,0.0
,0,0.0
,0,0.0
,0,0.0
,0,0.0
,0,0.0
,0,0.0
,0,0.0
,0,0.0
,0,0.0
,0,0.0
,0,0.0
,0,0.0
,0,0.0
,0,0.0
,0,0.0
,0,0.0
,0,0.0
,0,0.0
,0,0.0
,0,0.0
,0,0.0
,0,0.0
,0,0.0
,0,0.0
,0,0.0
,0,0.0
,0,0.0
,0,0.0
,0,0.0
,0,0.0
,0,0.0
,0,0.0
,0,0.0
,0,0.0
,0,0.0
,0,0.0
,0,0.0
,0,0.0
,0,0.0
,0,0.0
,0,0.0
,0,0.0
,0,0.0
,0,0.0
,0,0.0
,0,0.0
,0,0.0
,0,0.0
,0,0.0
,0,0.0
,0,0.0
,0,0.0
,0,0.0
,0,0.0
,0,0.0
,0,0.0
,0,0.0
,0,0.0
,0,0.0
,0,0.0
,0,0.0
,0,0.0
,0,0.0
,0,0.0
,0,0.0
,0,0.0
,0,0.0
,0,0.0
,0,0.0
,0,0.0
,0,0.0
,0,0.0
,0,0.0
,0,0.0
,0,0.0
,0,0.0
,0,0.0
,0,0.0
,0,0.0
,0,0.0
,0,0.0
,0,0.0
,0,0.0
,0,0.0
,0,0.0
,0,0.0
,0,0.0
,0,0.0
,0,0.0
,0,0.0
,0,0.0
,0,0.0
,0,0.0
,0,0.0
,0,0.0
,0,0.0
,0,0.0
,0,0.0
,0,0.0
,0,0.0
,0,0.0
,0,0.0
,0,0.0
,0,0.0
,0,0.0
,0,0.0
,0,0.0
,0,0.0
,0,0.0
,0,0.0
,0,0.0
,0,0.0
,0,0.0
,0,0.0
,0,0.0
,0,0.0
,0,0.0
,0,0.0
,0,0.0
,0,0.0
,0,0.0
,0,0.0
,0,0.0
,0,0.0
,0,0.0
,0,0.0
,0,0.0
,0,0.0
,0,0.0
,0,0.0
,0,0.0
,0,0.0
,0,0.0
,0,0.0
,0,0.0
,0,0.0
,0,0.0
,0,0.0
,0,0.0
,0,0.0
,0,0.0
,0,0.0
,0,0.0
,0,0.0
,0,0.0
,0,0.0
,0,0.0
,0,0.0
,0,0.0
,0,0.0
,0,0.0
,0,0.0
,0,0.0
,0,0.0
,0,0.0
,0,0.0
,0,0.0
,0,0.0
,0,0.0
,0,0.0
,0,0.0
,0,0.0
,0,0.0
,0,0.0
,0,0.0
,0,0.0
,0,0.0
,0,0.0
,0,0.0
,0,0.0
,0,0.0
,0,0.0
,0,0.0
,0,0.0
,0,0.0
,0,0.0
,0,0.0
,0,0.0
,0,0.0
,0,0.0
,0,0.0
,0,0.0
,0,0.0
,0,0.0
,0,0.0
,0,0.0
,0,0.0
,0,0.0
,0,0.0
,0,0.0
,0,0.0
,0,0.0
,0,0.0
,0,0.0
,0,0.0
,0,0.0
,0,0.0
,0,0.0
,0,0.0
,0,0.0
,0,0.0
,0,0.0
,0,0.0
,0,0.0
,0,0.0
,0,0.0
,0,0.0
,0,0.0
,0,0.0
,0,0.0
,0,0.0
,0,0.0
,0,0.0
,0,0.0
,0,0.0
,0,0.0
,0,0.0
,0,0.0
,0,0.0
,0,0.0
,0,0.0
,0,0.0
,0,0.0
,0,0.0
,0,0.0
,0,0.0
,0,0.0
,0,0.0
,0,0.0
,0,0.0
,0,0.0
,0,0.0
,0,0.0
,0,0.0
,0,0.0
,0,0.0
,0,0.0
,0,0.0
,0,0.0
,0,0.0
,0,0.0
,0,0.0
,0,0.0
,0,0.0
,0,0.0
,0,0.0
,0,0.0
,0,0.0
,0,0.0
,0,0.0
,0,0.0
,0,0.0
,0,0.0
,0,0.0
,0,0.0
,0,0.0
,0,0.0
,0,0.0
,0,0.0
,0,0.0
,0,0.0
,0,0.0
,0,0.0
,0,0.0
,0,0.0
,0,0.0
,0,0.0
,0,0.0
,0,0.0
,0,0.0
,0,0.0
,0,0.0
,0,0.0
,0,0.0
,0,0.0
,0,0.0
,0,0.0
,0,0.0
,0,0.0
,0,0.0
,0,0.0
,0,0.0
,0,0.0
,0,0.0
,0,0.0
,0,0.0
,0,0.0
,0,0.0
,0,0.0
,0,0.0
,0,0.0
,0,0.0
,0,0.0
,0,0.0
,0,0.0
,0,0.0
,0,0.0
,0,0.0
,0,0.0
,0,0.0
,0,0.0
,0,0.0
,0,0.0
,0,0.0
,0,0.0
,0,0.0
,0,0.0
,0,0.0
,0,0.0
,0,0.0
,0,0.0
,0,0.0
,0,0.0
309.0891344205132,0,0.0
319.53521639532386,0,0.0
,0,0.0
,0,0.0
,0,0.0
,0,0.0
324.74206248267194,0,0.0
323.6945026310358,0,0.0
322.3008106900268,0,0.0
321.73655491332147,0,0.0
640.4260516962737,0,0.0
630.0493874377455,0,0.0
293.17091201462426,0,0.0
290.97939793950826,0,0.0
,0,0.0
,0,0.0
,0,0.0
286.607547649303,0,0.0
288.5145612145709,1,0.0
294.3486297559819,0,0.0
295.1209508386709,1,0.0
296.12705901576874,1,0.0
298.2557722481479,1,0.0
296.64894848443896,1,0.0
294.8883299132289,1,0.0
290.42900839082813,1,0.0
286.30406937539516,1,0.0
287.2471597325629,1,0.0
287.3954984759285,1,0.0
291.11199843435315,1,0.0
296.76673188677086,0,0.0
303.90862235825404,1,0.0
309.0114122521178,0,0.0
,0,0.0
,0,0.0
,0,0.0
,0,0.0
,0,0.0
,0,0.0
,0,0.0
,0,0.0
,0,0.0
,0,0.0
,0,0.0
,0,0.0
,0,0.0
,0,0.0
,0,0.0
,0,0.0
,0,0.0
,0,0.0
,0,0.0
,0,0.0
,0,0.0
,0,0.0
,0,0.0
,0,0.0
,0,0.0
,0,0.0
,0,0.0
,0,0.0
,0,0.0
,0,0.0
,0,0.0
,0,0.0
,0,0.0
,0,0.0
,0,0.0
,0,0.0
,0,0.0
,0,0.0
,0,0.0
,0,0.0
,0,0.0
,0,0.0
,0,0.0
,0,0.0
,0,0.0
,0,0.0
,0,0.0
,0,0.0
,0,0.0
,0,0.0
,0,0.0
,0,0.0
,0,0.0
,0,0.0
,0,0.0
,0,0.0
,0,0.0
,0,0.0
,0,0.0
,0,0.0
,0,0.0
,0,0.0
,0,0.0
,0,0.0
,0,0.0
,0,0.0
,0,0.0
,0,0.0
,0,0.0
,0,0.0
,0,0.0
,0,0.0
,0,0.0
,0,0.0
,0,0.0
,0,0.0
,0,0.0
,0,0.0
,0,0.0
,0,0.0
,0,0.0
,0,0.0
,0,0.0
,0,0.0
,0,0.0
,0,0.0
,0,0.0
,0,0.0
,0,0.0
,0,0.0
,0,0.0
,0,0.0
,0,0.0
,0,0.0
,0,0.0
,0,0.0
,0,0.0
,0,0.0
,0,0.0
,0,0.0
,0,0.0
,0,0.0
,0,0.0
,0,0.0
,0,0.0
,0,0.0
,0,0.0
,0,0.0
,0,0.0
,0,0.0
,0,0.0
,0,0.0
,0,0.0
,0,0.0
,0,0.0
,0,0.0
,0,0.0
,0,0.0
,0,0.0
,0,0.0
,0,0.0
,0,0.0
,0,0.0
,0,0.0
,0,0.0
,0,0.0
,0,0.0
,0,0.0
,0,0.0
,0,0.0
,0,0.0
,0,0.0
,0,0.0
,0,0.0
,0,0.0
,0,0.0
,0,0.0
,0,0.0
,0,0.0
,0,0.0
,0,0.0
,0,0.0
,0,0.0
,0,0.0
,0,0.0
,0,0.0
,0,0.0
,0,0.0
,0,0.0
,0,0.0
,0,0.0
,0,0.0
,0,0.0
,0,0.0
,0,0.0
,0,0.0
,0,0.0
,0,0.0
,0,0.0
,0,0.0
,0,0.0
,0,0.0
,0,0.0
,0,0.0
,0,0.0
,0,0.0
,0,0.0
,0,0.0
,0,0.0
,0,0.0
,0,0.0
,0,0.0
,0,0.0
,0,0.0
,0,0.0
,0,0.0
,0,0.0
,0,0.0
,0,0.0
,0,0.0
,0,0.0
,0,0.0
,0,0.0
,0,0.0
,0,0.0
,0,0.0
,0,0.0
,0,0.0
,0,0.0
,0,0.0
,0,0.0
,0,0.0
,0,0.0
,0,0.0
,0,0.0
,0,0.0
,0,0.0
,0,0.0
,0,0.0
,0,0.0
,0,0.0
,0,0.0
,0,0.0
,0,0.0
,0,0.0
,0,0.0
,0,0.0
,0,0.0
,0,0.0
,0,0.0
,0,0.0
,0,0.0
,0,0.0
,0,0.0
,0,0.0
,0,0.0
,0,0.0
,0,0.0
,0,0.0
,0,0.0
,0,0.0
,0,0.0
,0,0.0
,0,0.0
,0,0.0
,0,0.0
,0,0.0
,0,0.0
,0,0.0
,0,0.0
,0,0.0
,0,0.0
,0,0.0
,0,0.0
,0,0.0
,0,0.0
,0,0.0
,0,0.0
,0,0.0
,0,0.0
,0,0.0
,0,0.0
,0,0.0
,0,0.0
,0,0.0
,0,0.0
,0,0.0
,0,0.0
,0,0.0
,0,0.0
,0,0.0
,0,0.0
,0,0.0
,0,0.0
,0,0.0
,0,0.0
,0,0.0
,0,0.0
,0,0.0
,0,0.0
,0,0.0
,0,0.0
,0,0.0
,0,0.0
,0,0.0
,0,0.0
,0,0.0
,0,0.0
,0,0.0
,0,0.0
,0,0.0
,0,0.0
,0,0.0
,0,0.0
,0,0.0
,0,0.0
,0,0.0
,0,0.0
,0,0.0
,0,0.0
,0,0.0
,0,0.0
,0,0.0
,0,0.0
,0,0.0
,0,0.0
,0,0.0
,0,0.0
,0,0.0
,0,0.0
,0,0.0
,0,0.0
,0,0.0
,0,0.0
,0,0.0
,0,0.0
,0,0.0
,0,0.0
,0,0.0
,0,0.0
,0,0.0
,0,0.0
,0,0.0
,0,0.0
,0,0.0
,0,0.0
,0,0.0
,0,0.0
,0,0.0
,0,0.0
,0,0.0
,0,0.0
,0,0.0
,0,0.0
,0,0.0
,0,0.0
,0,0.0
,0,0.0
,0,0.0
,0,0.0
,0,0.0
,0,0.0
,0,0.0
,0,0.0
,0,0.0
,0,0.0
,0,0.0
,0,0.0
,0,0.0
,0,0.0
,0,0.0
,0,0.0
,0,0.0
,0,0.0
,0,0.0
,0,0.0
,0,0.0
,0,0.0
,0,0.0
,0,0.0
,0,0.0
,0,0.0
,0,0.0
,0,0.0
,0,0.0
,0,0.0
,0,0.0
,0,0.0
,0,0.0
,0,0.0
,0,0.0
,0,0.0
,0,0.0
,0,0.0
,0,0.0
,0,0.0
,0,0.0
,0,0.0
,0,0.0
,0,0.0
,0,0.0
,0,0.0
,0,0.0
,0,0.0
,0,0.0
,0,0.0
,0,0.0
,0,0.0
,0,0.0
,0,0.0
,0,0.0
,0,0.0
,0,0.0
,0,0.0
,0,0.0
,0,0.0
,0,0.0
,0,0.0
,0,0.0
,0,0.0
,0,0.0
,0,0.0
,0,0.0
,0,0.0
,0,0.0
,0,0.0
,0,0.0
,0,0.0
,0,0.0
,0,0.0
,0,0.0
,0,0.0
,0,0.0
,0,0.0
,0,0.0
,0,0.0
,0,0.0
,0,0.0
,0,0.0
,0,0.0
,0,0.0
,0,0.0
,0,0.0
,0,0.0
,0,0.0
,0,0.0
,0,0.0
,0,0.0
,0,0.0
,0,0.0
,0,0.0
,0,0.0
,0,0.0
,0,0.0
,0,0.0
,0,0.0
,0,0.0
,0,0.0
,0,0.0
,0,0.0
,0,0.0
,0,0.0
,0,0.0
,0,0.0
,0,0.0
,0,0.0
,0,0.0
,0,0.0
,0,0.0
,0,0.0
,0,0.0
,0,0.0
,0,0.0
,0,0.0
,0,0.0
,0,0.0
,0,0.0
,0,0.0
,0,0.0
,0,0.0
,0,0.0
,0,0.0
,0,0.0
,0,0.0
,0,0.0
,0,0.0
,0,0.0
,0,0.0
,0,0.0
,0,0.0
,0,0.0
,0,0.0
,0,0.0
,0,0.0
,0,0.0
,0,0.0
,0,0.0
,0,0.0
,0,0.0
,0,0.0
,0,0.0
,0,0.0
,0,0.0
,0,0.0
,0,0.0
,0,0.0
,0,0.0
,0,0.0
,0,0.0
,0,0.0
,0,0.0
,0,0.0
,0,0.0
,0,0.0
,0,0.0
,0,0.0
,0,0.0
,0,0.0
,0,0.0
,0,0.0
,0,0.0
,0,0.0
,0,0.0
,0,0.0
,0,0.0
,0,0.0
,0,0.0
,0,0.0
,0,0.0
,0,0.0
,0,0.0
,0,0.0
,0,0.0
,0,0.0
,0,0.0
,0,0.0
,0,0.0
,0,0.0
,0,0.0
,0,0.0
,0,0.0
,0,0.0
,0,0.0
,0,0.0
,0,0.0
,0,0.0
,0,0.0
,0,0.0
,0,0.0
,0,0.0
,0,0.0
,0,0.0
,0,0.0
,0,0.0
,0,0.0
,0,0.0
,0,0.0
,0,0.0
,0,0.0
,0,0.0
,0,0.0
,0,0.0
,0,0.0
,0,0.0
,0,0.0
,0,0.0
,0,0.0
,0,0.0
,0,0.0
,0,0.0
,0,0.0
,0,0.0
,0,0.0
,0,0.0
,0,0.0
,0,0.0
,0,0.0
,0,0.0
,0,0.0
,0,0.0
,0,0.0
,0,0.0
,0,0.0
,0,0.0
,0,0.0
,0,0.0
,0,0.0
,0,0.0
,0,0.0
,0,0.0
,0,0.0
,0,0.0
,0,0.0
,0,0.0
,0,0.0
,0,0.0
,0,0.0
,0,0.0
,0,0.0
,0,0.0
,0,0.0
,0,0.0
,0,0.0
,0,0.0
,0,0.0
,0,0.0
,0,0.0
,0,0.0
,0,0.0
,0,0.0
,0,0.0
,0,0.0
,0,0.0
,0,0.0
,0,0.0
,0,0.0
,0,0.0
,0,0.0
,0,0.0
,0,0.0
,0,0.0
,0,0.0
,0,0.0
,0,0.0
,0,0.0
,0,0.0
,0,0.0
,0,0.0
,0,0.0
,0,0.0
,0,0.0
,0,0.0
,0,0.0
,0,0.0
,0,0.0
,0,0.0
,0,0.0
,0,0.0
,0,0.0
,0,0.0
,0,0.0
,0,0.0
,0,0.0
,0,0.0
,0,0.0
,0,0.0
,0,0.0
,0,0.0
,0,0.0
,0,0.0
,0,0.0
,0,0.0
,0,0.0
,0,0.0
,0,0.0
,0,0.0
,0,0.0
,0,0.0
,0,0.0
,0,0.0
,0,0.0
,0,0.0
,0,0.0
,0,0.0
,0,0.0
,0,0.0
,0,0.0
,0,0.0
,0,0.0
,0,0.0
,0,0.0
,0,0.0
,0,0.0
,0,0.0
,0,0.0
,0,0.0
,0,0.0
,0,0.0
,0,0.0
,0,0.0
,0,0.0
,0,0.0
,0,0.0
,0,0.0
,0,0.0
,0,0.0
,0,0.0
,0,0.0
,0,0.0
,0,0.0
,0,0.0
,0,0.0
,0,0.0
,0,0.0
,0,0.0
,0,0.0
,0,0.0
,0,0.0
,0,0.0
,0,0.0
,0,0.0
,0,0.0
,0,0.0
,0,0.0
,0,0.0
,0,0.0
,0,0.0
,0,0.0
,0,0.0
,0,0.0
,0,0.0
,0,0.0
,0,0.0
,0,0.0
,0,0.0
,0,0.0
,0,0.0
,0,0.0
,0,0.0
,0,0.0
,0,0.0
,0,0.0
,0,0.0
,0,0.0
,0,0.0
,0,0.0
,0,0.0
,0,0.0
,0,0.0
,0,0.0
,0,0.0
,0,0.0
,0,0.0
,0,0.0
,0,0.0
,0,0.0
,0,0.0
,0,0.0
,0,0.0
,0,0.0
,0,0.0
,0,0.0
,0,0.0
,0,0.0
,0,0.0
,0,0.0
,0,0.0
,0,0.0
,0,0.0
,0,0.0
,0,0.0
,0,0.0
,0,0.0
,0,0.0
,0,0.0
,0,0.0
,0,0.0
,0,0.0
,0,0.0
,0,0.0
,0,0.0
,0,0.0
,0,0.0
,0,0.0
,0,0.0
,0,0.0
,0,0.0
,0,0.0
,0,0.0
,0,0.0
,0,0.0
,0,0.0
,0,0.0
,0,0.0
,0,0.0
,0,0.0
,0,0.0
,0,0.0
,0,0.0
,0,0.0
,0,0.0
,0,0.0
,0,0.0
,0,0.0
,0,0.0
,0,0.0
,0,0.0
,0,0.0
,0,0.0
,0,0.0
,0,0.0
,0,0.0
,0,0.0
,0,0.0
,0,0.0
,0,0.0
,0,0.0
,0,0.0
,0,0.0
,0,0.0
,0,0.0
,0,0.0
,0,0.0
,0,0.0
,0,0.0
,0,0.0
,0,0.0
,0,0.0
,0,0.0
,0,0.0
,0,0.0
,0,0.0
,0,0.0
,0,0.0
,0,0.0
,0,0.0
,0,0.0
,0,0.0
,0,0.0
,0,0.0
,0,0.0
,0,0.0
,0,0.0
,0,0.0
,0,0.0
,0,0.0
,0,0.0
,0,0.0
,0,0.0
,0,0.0
,0,0.0
,0,0.0
,0,0.0
,0,0.0
,0,0.0
,0,0.0
,0,0.0
,0,0.0
,0,0.0
,0,0.0
,0,0.0
,0,0.0
,0,0.0
,0,0.0
,0,0.0
,0,0.0
,0,0.0
,0,0.0
,0,0.0
,0,0.0
,0,0.0
,0,0.0
,0,0.0
,0,0.0
,0,0.0
,0,0.0
,0,0.0
,0,0.0
,0,0.0
,0,0.0
,0,0.0
,0,0.0
,0,0.0
,0,0.0
,0,0.0
,0,0.0
,0,0.0
,0,0.0
,0,0.0
,0,0.0
,0,0.0
,0,0.0
,0,0.0
,0,0.0
,0,0.0
,0,0.0
,0,0.0
,0,0.0
,0,0.0
,0,0.0
,0,0.0
,0,0.0
,0,0.0
,0,0.0
,0,0.0
,0,0.0
,0,0.0
,0,0.0
,0,0.0
,0,0.0
,0,0.0
,0,0.0
,0,0.0
,0,0.0
,0,0.0
,0,0.0
,0,0.0
,0,0.0
,0,0.0
,0,0.0
,0,0.0
,0,0.0
,0,0.0
,0,0.0
,0,0.0
,0,0.0
,0,0.0
,0,0.0
,0,0.0
,0,0.0
,0,0.0
,0,0.0
,0,0.0
,0,0.0
,0,0.0
,0,0.0
,0,0.0
,0,0.0
,0,0.0
,0,0.0
,0,0.0
,0,0.0
,0,0.0
,0,0.0
,0,0.0
,0,0.0
,0,0.0
,0,0.0
,0,0.0
,0,0.0
,0,0.0
,0,0.0
,0,0.0
,0,0.0
,0,0.0
,0,0.0
,0,0.0
,0,0.0
,0,0.0
,0,0.0
,0,0.0
,0,0.0
,0,0.0
,0,0.0
,0,0.0
,0,0.0
,0,0.0
,0,0.0
,0,0.0
,0,0.0
,0,0.0
,0,0.0
,0,0.0
,0,0.0
,0,0.0
,0,0.0
,0,0.0
,0,0.0
,0,0.0
,0,0.0
,0,0.0
,0,0.0
,0,0.0
,0,0.0
,0,0.0
,0,0.0
,0,0.0
,0,0.0
,0,0.0
,0,0.0
,0,0.0
,0,0.0
,0,0.0
,0,0.0
,0,0.0
,0,0.0
,0,0.0
,0,0.0
,0,0.0
,0,0.0
,0,0.0
,0,0.0
,0,0.0
,0,0.0
,0,0.0
,0,0.0
,0,0.0
,0,0.0
,0,0.0
,0,0.0
,0,0.0
,0,0.0
,0,0.0
,0,0.0
,0,0.0
,0,0.0
,0,0.0
,0,0.0
,0,0.0
,0,0.0
,0,0.0
,0,0.0
,0,0.0
,0,0.0
,0,0.0
,0,0.0
,0,0.0
,0,0.0
,0,0.0
,0,0.0
,0,0.0
,0,0.0
,0,0.0
,0,0.0
,0,0.0
,0,0.0
,0,0.0
,0,0.0
,0,0.0
,0,0.0
,0,0.0
,0,0.0
,0,0.0
,0,0.0
,0,0.0
,0,0.0
,0,0.0
,0,0.0
,0,0.0
,0,0.0
,0,0.0
,0,0.0
,0,0.0
,0,0.0
,0,0.0
,0,0.0
,0,0.0
,0,0.0
,0,0.0
,0,0.0
,0,0.0
,0,0.0
,0,0.0
,0,0.0
,0,0.0
,0,0.0
,0,0.0
,0,0.0
,0,0.0
,0,0.0
,0,0.0
,0,0.0
,0,0.0
,0,0.0
,0,0.0
,0,0.0
,0,0.0
,0,0.0
,0,0.0
,0,0.0
,0,0.0
,0,0.0
,0,0.0
,0,0.0
,0,0.0
,0,0.0
,0,0.0
,0,0.0
,0,0.0
,0,0.0
,0,0.0
,0,0.0
,0,0.0
,0,0.0
,0,0.0
,0,0.0
,0,0.0
,0,0.0
,0,0.0
,0,0.0
,0,0.0
,0,0.0
,0,0.0
,0,0.0
,0,0.0
,0,0.0
,0,0.0
,0,0.0
,0,0.0
,0,0.0
,0,0.0
,0,0.0
,0,0.0
,0,0.0
,0,0.0
,0,0.0
,0,0.0
,0,0.0
,0,0.0
,0,0.0
,0,0.0
,0,0.0
,0,0.0
,0,0.0
,0,0.0
,0,0.0
,0,0.0
,0,0.0
,0,0.0
,0,0.0
,0,0.0
,0,0.0
,0,0.0
,0,0.0
,0,0.0
,0,0.0
,0,0.0
,0,0.0
,0,0.0
,0,0.0
,0,0.0
,0,0.0
,0,0.0
,0,0.0
,0,0.0
,0,0.0
,0,0.0
,0,0.0
,0,0.0
,0,0.0
,0,0.0
,0,0.0
,0,0.0
,0,0.0
,0,0.0
,0,0.0
,0,0.0
,0,0.0
,0,0.0
,0,0.0
,0,0.0
,0,0.0
,0,0.0
,0,0.0
,0,0.0
,0,0.0
,0,0.0
,0,0.0
,0,0.0
,0,0.0
,0,0.0
,0,0.0
,0,0.0
,0,0.0
,0,0.0
,0,0.0
,0,0.0
,0,0.0
,0,0.0
,0,0.0
,0,0.0
,0,0.0
,0,0.0
,0,0.0
,0,0.0
,0,0.0
,0,0.0
,0,0.0
,0,0.0
,0,0.0
,0,0.0
,0,0.0
,0,0.0
,0,0.0
,0,0.0
,0,0.0
,0,0.0
,0,0.0
,0,0.0
,0,0.0
,0,0.0
,0,0.0
,0,0.0
,0,0.0
,0,0.0
,0,0.0
,0,0.0
,0,0.0
,0,0.0
,0,0.0
,0,0.0
,0,0.0
,0,0.0
,0,0.0
,0,0.0
,0,0.0
,0,0.0
,0,0.0
,0,0.0
,0,0.0
,0,0.0
,0,0.0
,0,0.0
,0,0.0
,0,0.0
,0,0.0
,0,0.0
,0,0.0
,0,0.0
,0,0.0
,0,0.0
,0,0.0
,0,0.0
,0,0.0
,0,0.0
,0,0.0
,0,0.0
,0,0.0
,0,0.0
,0,0.0
,0,0.0
,0,0.0
,0,0.0
,0,0.0
,0,0.0
,0,0.0
,0,0.0
,0,0.0
,0,0.0
,0,0.0
,0,0.0
,0,0.0
,0,0.0
,0,0.0
,0,0.0
,0,0.0
,0,0.0
,0,0.0
,0,0.0
,0,0.0
,0,0.0
,0,0.0
,0,0.0
,0,0.0
,0,0.0
,0,0.0
,0,0.0
,0,0.0
,0,0.0
,0,0.0
,0,0.0
,0,0.0
,0,0.0
333.91655198947547,0,0.0
338.7989923276902,0,0.0
344.2524162605412,0,0.0
344.19340077921277,1,0.0
345.32875692124384,1,0.0
,0,0.0
,0,0.0
,0,0.0
,0,0.0
,0,0.0
,0,0.0
,0,0.0
,0,0.0
,0,0.0
,0,0.0
,0,0.0
,0,0.0
,0,0.0
,0,0.0
,0,0.0
,0,0.0
,0,0.0
,0,0.0
,0,0.0
,0,0.0
,0,0.0
,0,0.0
,0,0.0
,0,0.0
,0,0.0
,0,0.0
,0,0.0
,0,0.0
,0,0.0
,0,0.0
,0,0.0
,0,0.0
,0,0.0
,0,0.0
,0,0.0
,0,0.0
,0,0.0
,0,0.0
,0,0.0
,0,0.0
,0,0.0
,0,0.0
,0,0.0
,0,0.0
,0,0.0
,0,0.0
,0,0.0
,0,0.0
,0,0.0
,0,0.0
,0,0.0
,0,0.0
,0,0.0
,0,0.0
,0,0.0
,0,0.0
,0,0.0
,0,0.0
,0,0.0
,0,0.0
,0,0.0
,0,0.0
,0,0.0
,0,0.0
,0,0.0
,0,0.0
,0,0.0
,0,0.0
,0,0.0
,0,0.0
,0,0.0
,0,0.0
,0,0.0
,0,0.0
,0,0.0
,0,0.0
,0,0.0
,0,0.0
,0,0.0
,0,0.0
,0,0.0
,0,0.0
,0,0.0
,0,0.0
,0,0.0
,0,0.0
,0,0.0
,0,0.0
,0,0.0
,0,0.0
,0,0.0
,0,0.0
,0,0.0
,0,0.0
,0,0.0
,0,0.0
,0,0.0
,0,0.0
,0,0.0
,0,0.0
,0,0.0
,0,0.0
,0,0.0
,0,0.0
,0,0.0
,0,0.0
,0,0.0
,0,0.0
,0,0.0
,0,0.0
,0,0.0
,0,0.0
,0,0.0
,0,0.0
,0,0.0
,0,0.0
,0,0.0
,0,0.0
,0,0.0
,0,0.0
,0,0.0
,0,0.0
,0,0.0
,0,0.0
,0,0.0
,0,0.0
,0,0.0
,0,0.0
,0,0.0
,0,0.0
,0,0.0
,0,0.0
,0,0.0
,0,0.0
,0,0.0
,0,0.0
,0,0.0
,0,0.0
,0,0.0
,0,0.0
,0,0.0
,0,0.0
,0,0.0
,0,0.0
,0,0.0
,0,0.0
,0,0.0
,0,0.0
,0,0.0
,0,0.0
,0,0.0
,0,0.0
,0,0.0
,0,0.0
,0,0.0
,0,0.0
,0,0.0
,0,0.0
,0,0.0
,0,0.0
,0,0.0
,0,0.0
,0,0.0
,0,0.0
,0,0.0
,0,0.0
,0,0.0
,0,0.0
,0,0.0
,0,0.0
,0,0.0
,0,0.0
,0,0.0
,0,0.0
,0,0.0
,0,0.0
,0,0.0
,0,0.0
,0,0.0
,0,0.0
,0,0.0
,0,0.0
,0,0.0
,0,0.0
,0,0.0
,0,0.0
,0,0.0
,0,0.0
,0,0.0
,0,0.0
,0,0.0
,0,0.0
,0,0.0
,0,0.0
,0,0.0
,0,0.0
,0,0.0
,0,0.0
,0,0.0
,0,0.0
,0,0.0
,0,0.0
,0,0.0
,0,0.0
,0,0.0
,0,0.0
,0,0.0
,0,0.0
,0,0.0
,0,0.0
,0,0.0
,0,0.0
,0,0.0
,0,0.0
,0,0.0
,0,0.0
,0,0.0
,0,0.0
,0,0.0
,0,0.0
,0,0.0
,0,0.0
,0,0.0
,0,0.0
,0,0.0
,0,0.0
,0,0.0
,0,0.0
,0,0.0
,0,0.0
,0,0.0
,0,0.0
,0,0.0
,0,0.0
,0,0.0
,0,0.0
,0,0.0
,0,0.0
,0,0.0
,0,0.0
,0,0.0
,0,0.0
,0,0.0
,0,0.0
,0,0.0
,0,0.0
,0,0.0
,0,0.0
,0,0.0
,0,0.0
,0,0.0
,0,0.0
,0,0.0
,0,0.0
,0,0.0
,0,0.0
,0,0.0
,0,0.0
,0,0.0
,0,0.0
,0,0.0
,0,0.0
,0,0.0
,0,0.0
,0,0.0
,0,0.0
,0,0.0
,0,0.0
,0,0.0
,0,0.0
,0,0.0
,0,0.0
,0,0.0
,0,0.0
,0,0.0
,0,0.0
,0,0.0
,0,0.0
,0,0.0
,0,0.0
,0,0.0
,0,0.0
,0,0.0
,0,0.0
,0,0.0
,0,0.0
,0,0.0
,0,0.0
,0,0.0
,0,0.0
,0,0.0
,0,0.0
,0,0.0
,0,0.0
,0,0.0
,0,0.0
,0,0.0
,0,0.0
,0,0.0
,0,0.0
,0,0.0
,0,0.0
,0,0.0
,0,0.0
,0,0.0
,0,0.0
,0,0.0
,0,0.0
,0,0.0
,0,0.0
,0,0.0
,0,0.0
,0,0.0
,0,0.0
,0,0.0
,0,0.0
,0,0.0
,0,0.0
,0,0.0
,0,0.0
,0,0.0
,0,0.0
,0,0.0
,0,0.0
,0,0.0
,0,0.0
,0,0.0
,0,0.0
,0,0.0
,0,0.0
,0,0.0
,0,0.0
,0,0.0
,0,0.0
,0,0.0
,0,0.0
,0,0.0
,0,0.0
,0,0.0
,0,0.0
,0,0.0
,0,0.0
,0,0.0
,0,0.0
,0,0.0
,0,0.0
,0,0.0
,0,0.0
,0,0.0
,0,0.0
,0,0.0
,0,0.0
,0,0.0
,0,0.0
,0,0.0
,0,0.0
,0,0.0
,0,0.0
,0,0.0
340.43429177580015,0,0.0
338.023777245224,0,0.0
,0,0.0
,0,0.0
,0,0.0
,0,0.0
,0,0.0
,0,0.0
,0,0.0
,0,0.0
,0,0.0
,0,0.0
,0,0.0
,0,0.0
,0,0.0
,0,0.0
,0,0.0
,0,0.0
,0,0.0
,0,0.0
,0,0.0
,0,0.0
,0,0.0
,0,0.0
,0,0.0
,0,0.0
,0,0.0
,0,0.0
,0,0.0
,0,0.0
,0,0.0
,0,0.0
,0,0.0
,0,0.0
,0,0.0
,0,0.0
,0,0.0
,0,0.0
,0,0.0
,0,0.0
,0,0.0
,0,0.0
,0,0.0
,0,0.0
,0,0.0
,0,0.0
,0,0.0
,0,0.0
,0,0.0
,0,0.0
,0,0.0
,0,0.0
,0,0.0
,0,0.0
,0,0.0
,0,0.0
,0,0.0
,0,0.0
,0,0.0
,0,0.0
,0,0.0
,0,0.0
,0,0.0
,0,0.0
,0,0.0
,0,0.0
,0,0.0
,0,0.0
,0,0.0
,0,0.0
,0,0.0
,0,0.0
,0,0.0
,0,0.0
,0,0.0
,0,0.0
,0,0.0
,0,0.0
,0,0.0
,0,0.0
,0,0.0
,0,0.0
,0,0.0
,0,0.0
,0,0.0
,0,0.0
,0,0.0
,0,0.0
,0,0.0
,0,0.0
,0,0.0
,0,0.0
,0,0.0
,0,0.0
,0,0.0
,0,0.0
,0,0.0
,0,0.0
,0,0.0
,0,0.0
,0,0.0
,0,0.0
,0,0.0
,0,0.0
,0,0.0
,0,0.0
,0,0.0
,0,0.0
,0,0.0
,0,0.0
,0,0.0
,0,0.0
,0,0.0
,0,0.0
,0,0.0
,0,0.0
,0,0.0
,0,0.0
,0,0.0
,0,0.0
,0,0.0
,0,0.0
,0,0.0
,0,0.0
,0,0.0
,0,0.0
,0,0.0
,0,0.0
,0,0.0
,0,0.0
,0,0.0
,0,0.0
,0,0.0
,0,0.0
,0,0.0
,0,0.0
,0,0.0
,0,0.0
,0,0.0
,0,0.0
,0,0.0
,0,0.0
,0,0.0
,0,0.0
,0,0.0
,0,0.0
,0,0.0
,0,0.0
,0,0.0
,0,0.0
,0,0.0
,0,0.0
,0,0.0
,0,0.0
,0,0.0
,0,0.0
,0,0.0
,0,0.0
,0,0.0
,0,0.0
,0,0.0
,0,0.0
,0,0.0
,0,0.0
,0,0.0
,0,0.0
,0,0.0
,0,0.0
,0,0.0
,0,0.0
,0,0.0
,0,0.0
,0,0.0
,0,0.0
,0,0.0
,0,0.0
,0,0.0
,0,0.0
,0,0.0
,0,0.0
,0,0.0
,0,0.0
,0,0.0
,0,0.0
,0,0.0
,0,0.0
,0,0.0
,0,0.0
,0,0.0
,0,0.0
,0,0.0
,0,0.0
,0,0.0
,0,0.0
,0,0.0
,0,0.0
,0,0.0
,0,0.0
,0,0.0
,0,0.0
,0,0.0
,0,0.0
,0,0.0
,0,0.0
,0,0.0
,0,0.0
,0,0.0
,0,0.0
,0,0.0
,0,0.0
,0,0.0
,0,0.0
,0,0.0
,0,0.0
,0,0.0
,0,0.0
,0,0.0
,0,0.0
,0,0.0
,0,0.0
,0,0.0
,0,0.0
,0,0.0
,0,0.0
,0,0.0
,0,0.0
,0,0.0
,0,0.0
,0,0.0
,0,0.0
,0,0.0
,0,0.0
,0,0.0
,0,0.0
,0,0.0
,0,0.0
,0,0.0
,0,0.0
,0,0.0
,0,0.0
,0,0.0
,0,0.0
,0,0.0
,0,0.0
,0,0.0
,0,0.0
,0,0.0
,0,0.0
,0,0.0
,0,0.0
,0,0.0
,0,0.0
,0,0.0
,0,0.0
,0,0.0
,0,0.0
,0,0.0
,0,0.0
,0,0.0
,0,0.0
,0,0.0
,0,0.0
,0,0.0
,0,0.0
,0,0.0
,0,0.0
,0,0.0
,0,0.0
,0,0.0
,0,0.0
,0,0.0
,0,0.0
,0,0.0
,0,0.0
,0,0.0
,0,0.0
,0,0.0
,0,0.0
,0,0.0
,0,0.0
,0,0.0
,0,0.0
,0,0.0
,0,0.0
,0,0.0
,0,0.0
,0,0.0
,0,0.0
,0,0.0
,0,0.0
,0,0.0
,0,0.0
,0,0.0
,0,0.0
,0,0.0
,0,0.0
,0,0.0
,0,0.0
,0,0.0
,0,0.0
,0,0.0
,0,0.0
,0,0.0
,0,0.0
,0,0.0
,0,0.0
,0,0.0
,0,0.0
,0,0.0
,0,0.0
,0,0.0
,0,0.0
,0,0.0
,0,0.0
,0,0.0
,0,0.0
,0,0.0
,0,0.0
,0,0.0
,0,0.0
,0,0.0
,0,0.0
,0,0.0
,0,0.0
,0,0.0
,0,0.0
,0,0.0
,0,0.0
,0,0.0
,0,0.0
,0,0.0
,0,0.0
,0,0.0
,0,0.0
,0,0.0
,0,0.0
,0,0.0
,0,0.0
,0,0.0
,0,0.0
,0,0.0
,0,0.0
,0,0.0
,0,0.0
,0,0.0
,0,0.0
,0,0.0
,0,0.0
,0,0.0
,0,0.0
,0,0.0
,0,0.0
,0,0.0
,0,0.0
,0,0.0
,0,0.0
,0,0.0
,0,0.0
,0,0.0
,0,0.0
,0,0.0
,0,0.0
,0,0.0
,0,0.0
,0,0.0
,0,0.0
,0,0.0
,0,0.0
,0,0.0
,0,0.0
,0,0.0
,0,0.0
,0,0.0
,0,0.0
,0,0.0
,0,0.0
,0,0.0
,0,0.0
,0,0.0
,0,0.0
,0,0.0
,0,0.0
,0,0.0
,0,0.0
,0,0.0
,0,0.0
,0,0.0
,0,0.0
,0,0.0
,0,0.0
,0,0.0
,0,0.0
,0,0.0
,0,0.0
,0,0.0
,0,0.0
,0,0.0
,0,0.0
,0,0.0
,0,0.0
,0,0.0
,0,0.0
,0,0.0
,0,0.0
,0,0.0
,0,0.0
,0,0.0
,0,0.0
,0,0.0
,0,0.0
,0,0.0
,0,0.0
,0,0.0
,0,0.0
,0,0.0
,0,0.0
,0,0.0
,0,0.0
,0,0.0
,0,0.0
,0,0.0
,0,0.0
,0,0.0
,0,0.0
,0,0.0
,0,0.0
,0,0.0
,0,0.0
,0,0.0
,0,0.0
,0,0.0
,0,0.0
,0,0.0
,0,0.0
,0,0.0
,0,0.0
,0,0.0
,0,0.0
,0,0.0
,0,0.0
,0,0.0
,0,0.0
,0,0.0
,0,0.0
,0,0.0
,0,0.0
,0,0.0
,0,0.0
,0,0.0
,0,0.0
,0,0.0
,0,0.0
,0,0.0
,0,0.0
,0,0.0
,0,0.0
,0,0.0
,0,0.0
,0,0.0
,0,0.0
,0,0.0
,0,0.0
,0,0.0
,0,0.0
,0,0.0
,0,0.0
,0,0.0
,0,0.0
,0,0.0
,0,0.0
,0,0.0
,0,0.0
,0,0.0
,0,0.0
,0,0.0
,0,0.0
,0,0.0
,0,0.0
,0,0.0
,0,0.0
,0,0.0
,0,0.0
,0,0.0
,0,0.0
,0,0.0
,0,0.0
,0,0.0
,0,0.0
,0,0.0
,0,0.0
,0,0.0
,0,0.0
,0,0.0
,0,0.0
,0,0.0
,0,0.0
,0,0.0
,0,0.0
,0,0.0
,0,0.0
,0,0.0
,0,0.0
,0,0.0
,0,0.0
,0,0.0
,0,0.0
,0,0.0
,0,0.0
,0,0.0
,0,0.0
,0,0.0
,0,0.0
,0,0.0
,0,0.0
,0,0.0
,0,0.0
,0,0.0
,0,0.0
,0,0.0
,0,0.0
,0,0.0
,0,0.0
,0,0.0
,0,0.0
,0,0.0
,0,0.0
,0,0.0
,0,0.0
,0,0.0
,0,0.0
,0,0.0
,0,0.0
,0,0.0
,0,0.0
,0,0.0
,0,0.0
,0,0.0
,0,0.0
,0,0.0
,0,0.0
,0,0.0
,0,0.0
,0,0.0
,0,0.0
,0,0.0
,0,0.0
,0,0.0
,0,0.0
,0,0.0
,0,0.0
,0,0.0
,0,0.0
,0,0.0
,0,0.0
,0,0.0
,0,0.0
,0,0.0
,0,0.0
,0,0.0
,0,0.0
,0,0.0
,0,0.0
,0,0.0
,0,0.0
,0,0.0
,0,0.0
,0,0.0
,0,0.0
,0,0.0
,0,0.0
,0,0.0
,0,0.0
,0,0.0
,0,0.0
,0,0.0
,0,0.0
,0,0.0
,0,0.0
,0,0.0
,0,0.0
,0,0.0
,0,0.0
,0,0.0
,0,0.0
,0,0.0
,0,0.0
,0,0.0
,0,0.0
,0,0.0
,0,0.0
,0,0.0
,0,0.0
,0,0.0
,0,0.0
,0,0.0
,0,0.0
,0,0.0
,0,0.0
,0,0.0
,0,0.0
,0,0.0
,0,0.0
,0,0.0
,0,0.0
,0,0.0
,0,0.0
,0,0.0
,0,0.0
,0,0.0
,0,0.0
,0,0.0
,0,0.0
,0,0.0
,0,0.0
,0,0.0
,0,0.0
,0,0.0
,0,0.0
,0,0.0
,0,0.0
,0,0.0
,0,0.0
,0,0.0
,0,0.0
,0,0.0
,0,0.0
,0,0.0
,0,0.0
,0,0.0
,0,0.0
,0,0.0
,0,0.0
,0,0.0
,0,0.0
,0,0.0
,0,0.0
,0,0.0
,0,0.0
,0,0.0
,0,0.0
,0,0.0
,0,0.0
,0,0.0
,0,0.0
,0,0.0
,0,0.0
,0,0.0
,0,0.0
,0,0.0
,0,0.0
,0,0.0
,0,0.0
,0,0.0
,0,0.0
,0,0.0
,0,0.0
,0,0.0
,0,0.0
,0,0.0
,0,0.0
,0,0.0
,0,0.0
,0,0.0
,0,0.0
,0,0.0
,0,0.0
,0,0.0
,0,0.0
,0,0.0
,0,0.0
,0,0.0
,0,0.0
,0,0.0
,0,0.0
,0,0.0
,0,0.0
,0,0.0
,0,0.0
,0,0.0
,0,0.0
,0,0.0
,0,0.0
,0,0.0
,0,0.0
,0,0.0
,0,0.0
,0,0.0
,0,0.0
,0,0.0
,0,0.0
,0,0.0
,0,0.0
,0,0.0
,0,0.0
,0,0.0
,0,0.0
,0,0.0
,0,0.0
,0,0.0
,0,0.0
,0,0.0
,0,0.0
,0,0.0
,0,0.0
,0,0.0
,0,0.0
,0,0.0
,0,0.0
,0,0.0
,0,0.0
,0,0.0
,0,0.0
,0,0.0
,0,0.0
,0,0.0
,0,0.0
,0,0.0
,0,0.0
,0,0.0
,0,0.0
,0,0.0
,0,0.0
,0,0.0
,0,0.0
,0,0.0
,0,0.0
,0,0.0
,0,0.0
,0,0.0
,0,0.0
,0,0.0
,0,0.0
,0,0.0
,0,0.0
,0,0.0
,0,0.0
,0,0.0
,0,0.0
,0,0.0
,0,0.0
,0,0.0
,0,0.0
,0,0.0
,0,0.0
,0,0.0
,0,0.0
,0,0.0
,0,0.0
,0,0.0
,0,0.0
,0,0.0
,0,0.0
,0,0.0
,0,0.0
,0,0.0
,0,0.0
,0,0.0
,0,0.0
,0,0.0
,0,0.0
,0,0.0
,0,0.0
,0,0.0
,0,0.0
,0,0.0
,0,0.0
,0,0.0
,0,0.0
,0,0.0
,0,0.0
,0,0.0
,0,0.0
,0,0.0
,0,0.0
,0,0.0
,0,0.0
,0,0.0
,0,0.0
,0,0.0
,0,0.0
,0,0.0
,0,0.0
,0,0.0
,0,0.0
,0,0.0
,0,0.0
,0,0.0
,0,0.0
,0,0.0
,0,0.0
,0,0.0
,0,0.0
,0,0.0
,0,0.0
,0,0.0
,0,0.0
,0,0.0
,0,0.0
,0,0.0
,0,0.0
,0,0.0
,0,0.0
,0,0.0
,0,0.0
,0,0.0
,0,0.0
,0,0.0
,0,0.0
,0,0.0
,0,0.0
,0,0.0
,0,0.0
,0,0.0
,0,0.0
,0,0.0
,0,0.0
,0,0.0
,0,0.0
,0,0.0
,0,0.0
,0,0.0
,0,0.0
,0,0.0
,0,0.0
,0,0.0
,0,0.0
,0,0.0
,0,0.0
,0,0.0
,0,0.0
,0,0.0
,0,0.0
,0,0.0
,0,0.0
,0,0.0
,0,0.0
,0,0.0
,0,0.0
,0,0.0
,0,0.0
,0,0.0
,0,0.0
,0,0.0
,0,0.0
,0,0.0
,0,0.0
,0,0.0
,0,0.0
,0,0.0
,0,0.0
,0,0.0
,0,0.0
,0,0.0
,0,0.0
,0,0.0
,0,0.0
,0,0.0
,0,0.0
,0,0.0
,0,0.0
,0,0.0
,0,0.0
,0,0.0
,0,0.0
,0,0.0
,0,0.0
,0,0.0
,0,0.0
,0,0.0
,0,0.0
,0,0.0
,0,0.0
,0,0.0
,0,0.0
,0,0.0
,0,0.0
,0,0.0
,0,0.0
,0,0.0
,0,0.0
,0,0.0
,0,0.0
,0,0.0
,0,0.0
,0,0.0
,0,0.0
,0,0.0
,0,0.0
,0,0.0
,0,0.0
,0,0.0
,0,0.0
,0,0.0
,0,0.0
,0,0.0
,0,0.0
,0,0.0
,0,0.0
,0,0.0
,0,0.0
,0,0.0
,0,0.0
,0,0.0
,0,0.0
,0,0.0
,0,0.0
,0,0.0
,0,0.0
,0,0.0
,0,0.0
,0,0.0
,0,0.0
,0,0.0
,0,0.0
,0,0.0
,0,0.0
509.3476200242408,0,0.0
512.7534167819564,1,0.0
512.6236372775962,0,0.0
513.7147589572068,0,0.0
511.57795789826633,0,0.0
512.5849683066887,0,0.0
517.4492190633401,0,0.0
512.3328224050641,0,0.0
511.85961710162525,0,0.0
513.3338196671415,0,0.0
517.8665892247292,0,0.0
511.68668712086645,0,0.0
512.3996640615551,0,0.0
512.6055972674836,0,0.0
512.5045695098314,0,0.0
512.8334890134279,0,0.0
512.9272953843833,0,0.0
512.019921399902,0,0.0
,0,0.0
,0,0.0
,0,0.0
,0,0.0
,0,0.0
,0,0.0
,0,0.0
,0,0.0
,0,0.0
,0,0.0
,0,0.0
,0,0.0
510.1632124602441,0,0.0
512.5203128117824,0,0.0
512.9070580211666,0,0.0
511.7211513622529,0,0.0
510.8278476978549,0,0.0
512.4394220561782,0,0.0
513.0732429743597,0,0.0
502.3693147798251,0,0.0
409.76496338287853,0,0.0
410.10419610472803,0,0.0
410.4136662039351,0,0.0
,0,0.0
,0,0.0
,0,0.0
,0,0.0
,0,0.0
,0,0.0
,0,0.0
,0,0.0
,0,0.0
,0,0.0
,0,0.0
,0,0.0
,0,0.0
,0,0.0
,0,0.0
,0,0.0
,0,0.0
,0,0.0
,0,0.0
,0,0.0
,0,0.0
,0,0.0
,0,0.0
,0,0.0
,0,0.0
256.17358937939264,0,0.0
256.28781742280455,0,0.0
257.01041523302644,0,0.0
255.43478188413366,0,0.0
,0,0.0
,0,0.0
,0,0.0
,0,0.0
,0,0.0
,0,0.0
,0,0.0
,0,0.0
,0,0.0
,0,0.0
,0,0.0
,0,0.0
,0,0.0
,0,0.0
,0,0.0
,0,0.0
,0,0.0
,0,0.0
,0,0.0
,0,0.0
505.71960251564025,0,0.0
524.310947065233,0,0.0
529.6983959291276,0,0.0
,0,0.0
,0,0.0
267.62765241595645,0,0.0
274.31193828780243,0,0.0
,0,0.0
,0,0.0
,0,0.0
,0,0.0
,0,0.0
,0,0.0
,0,0.0
,0,0.0
,0,0.0
257.9964677639205,0,0.0
,0,0.0
,0,0.0
261.6334196326676,0,0.0
273.42021494818397,0,0.0
256.2153402186672,0,0.0
271.3063192529097,0,0.0
,0,0.0
,0,0.0
,0,0.0
,0,0.0
,0,0.0
,0,0.0
,0,0.0
,0,0.0
,0,0.0
,0,0.0
,0,0.0
,0,0.0
,0,0.0
,0,0.0
,0,0.0
,0,0.0
,0,0.0
,0,0.0
,0,0.0
,0,0.0
,0,0.0
,0,0.0
,0,0.0
,0,0.0
,0,0.0
,0,0.0
,0,0.0
,0,0.0
,0,0.0
,0,0.0
,0,0.0
,0,0.0
,0,0.0
,0,0.0
,0,0.0
,0,0.0
,0,0.0
,0,0.0
,0,0.0
,0,0.0
,0,0.0
,0,0.0
,0,0.0
,0,0.0
,0,0.0
,0,0.0
,0,0.0
,0,0.0
,0,0.0
,0,0.0
,0,0.0
,0,0.0
,0,0.0
,0,0.0
,0,0.0
,0,0.0
,0,0.0
,0,0.0
,0,0.0
,0,0.0
,0,0.0
,0,0.0
,0,0.0
,0,0.0
,0,0.0
,0,0.0
,0,0.0
,0,0.0
,0,0.0
,0,0.0
,0,0.0
,0,0.0
,0,0.0
,0,0.0
,0,0.0
,0,0.0
,0,0.0
,0,0.0
,0,0.0
,0,0.0
,0,0.0
,0,0.0
,0,0.0
,0,0.0
,0,0.0
,0,0.0
,0,0.0
,0,0.0
,0,0.0
,0,0.0
,0,0.0
,0,0.0
,0,0.0
,0,0.0
,0,0.0
,0,0.0
,0,0.0
,0,0.0
,0,0.0
,0,0.0
,0,0.0
,0,0.0
,0,0.0
,0,0.0
,0,0.0
,0,0.0
,0,0.0
,0,0.0
,0,0.0
,0,0.0
,0,0.0
,0,0.0
,0,0.0
,0,0.0
,0,0.0
,0,0.0
,0,0.0
,0,0.0
,0,0.0
,0,0.0
,0,0.0
,0,0.0
,0,0.0
,0,0.0
,0,0.0
,0,0.0
,0,0.0
,0,0.0
,0,0.0
,0,0.0
,0,0.0
,0,0.0
,0,0.0
,0,0.0
,0,0.0
,0,0.0
,0,0.0
,0,0.0
,0,0.0
,0,0.0
,0,0.0
,0,0.0
,0,0.0
,0,0.0
,0,0.0
,0,0.0
,0,0.0
,0,0.0
,0,0.0
,0,0.0
,0,0.0
,0,0.0
,0,0.0
,0,0.0
,0,0.0
,0,0.0
,0,0.0
,0,0.0
,0,0.0
,0,0.0
,0,0.0
,0,0.0
,0,0.0
,0,0.0
,0,0.0
,0,0.0
,0,0.0
,0,0.0
,0,0.0
,0,0.0
,0,0.0
,0,0.0
,0,0.0
,0,0.0
,0,0.0
,0,0.0
,0,0.0
,0,0.0
,0,0.0
,0,0.0
,0,0.0
,0,0.0
,0,0.0
,0,0.0
,0,0.0
,0,0.0
,0,0.0
,0,0.0
,0,0.0
,0,0.0
,0,0.0
,0,0.0
,0,0.0
,0,0.0
,0,0.0
,0,0.0
,0,0.0
,0,0.0
,0,0.0
,0,0.0
,0,0.0
,0,0.0
,0,0.0
,0,0.0
,0,0.0
,0,0.0
,0,0.0
,0,0.0
,0,0.0
,0,0.0
,0,0.0
,0,0.0
,0,0.0
,0,0.0
,0,0.0
,0,0.0
,0,0.0
,0,0.0
,0,0.0
,0,0.0
,0,0.0
,0,0.0
,0,0.0
,0,0.0
,0,0.0
,0,0.0
,0,0.0
,0,0.0
,0,0.0
,0,0.0
,0,0.0
,0,0.0
,0,0.0
,0,0.0
,0,0.0
,0,0.0
,0,0.0
,0,0.0
,0,0.0
,0,0.0
,0,0.0
,0,0.0
,0,0.0
,0,0.0
,0,0.0
,0,0.0
,0,0.0
,0,0.0
,0,0.0
,0,0.0
,0,0.0
,0,0.0
,0,0.0
,0,0.0
,0,0.0
,0,0.0
,0,0.0
,0,0.0
,0,0.0
,0,0.0
,0,0.0
,0,0.0
,0,0.0
,0,0.0
,0,0.0
,0,0.0
,0,0.0
,0,0.0
,0,0.0
,0,0.0
,0,0.0
,0,0.0
,0,0.0
,0,0.0
,0,0.0
,0,0.0
,0,0.0
,0,0.0
,0,0.0
,0,0.0
,0,0.0
,0,0.0
,0,0.0
,0,0.0
,0,0.0
,0,0.0
,0,0.0
,0,0.0
,0,0.0
,0,0.0
,0,0.0
,0,0.0
,0,0.0
,0,0.0
,0,0.0
,0,0.0
,0,0.0
,0,0.0
,0,0.0
,0,0.0
,0,0.0
,0,0.0
,0,0.0
,0,0.0
,0,0.0
,0,0.0
,0,0.0
,0,0.0
,0,0.0
,0,0.0
,0,0.0
,0,0.0
,0,0.0
,0,0.0
,0,0.0
,0,0.0
,0,0.0
,0,0.0
,0,0.0
,0,0.0
,0,0.0
,0,0.0
,0,0.0
,0,0.0
,0,0.0
,0,0.0
,0,0.0
,0,0.0
,0,0.0
,0,0.0
,0,0.0
,0,0.0
,0,0.0
,0,0.0
,0,0.0
,0,0.0
,0,0.0
,0,0.0
,0,0.0
,0,0.0
,0,0.0
,0,0.0
,0,0.0
,0,0.0
,0,0.0
,0,0.0
,0,0.0
,0,0.0
,0,0.0
,0,0.0
,0,0.0
,0,0.0
,0,0.0
,0,0.0
,0,0.0
,0,0.0
,0,0.0
,0,0.0
,0,0.0
,0,0.0
,0,0.0
,0,0.0
,0,0.0
,0,0.0
,0,0.0
,0,0.0
,0,0.0
,0,0.0
,0,0.0
,0,0.0
,0,0.0
,0,0.0
,0,0.0
,0,0.0
,0,0.0
,0,0.0
,0,0.0
,0,0.0
,0,0.0
,0,0.0
,0,0.0
,0,0.0
,0,0.0
,0,0.0
,0,0.0
,0,0.0
,0,0.0
,0,0.0
,0,0.0
,0,0.0
,0,0.0
,0,0.0
,0,0.0
,0,0.0
,0,0.0
,0,0.0
,0,0.0
,0,0.0
,0,0.0
,0,0.0
,0,0.0
,0,0.0
,0,0.0
,0,0.0
,0,0.0
,0,0.0
,0,0.0
304.83203304982317,0,0.45454545454545453
306.0874245328879,0,0.45454545454545453
,0,0.0
,0,0.0
,0,0.0
,0,0.0
304.3991624543921,0,0.2727272727272727
307.9418522434182,0,1.0
303.04938102183183,0,0.6363636363636364
288.8088499925578,0,1.0
284.5258564488621,0,1.0
280.69228123425864,0,1.0
274.1509821862601,0,1.0
273.1313479475712,0,1.0
265.461302657045,0,0.8181818181818182
262.9441443008005,0,1.0
259.89757593557295,0,1.0
257.97119242799005,0,0.7272727272727273
256.8502377245979,0,0.6363636363636364
252.8703068029074,0,1.0
255.2219280252986,0,1.0
,0,0.0
,0,0.0
,0,0.0
,0,0.0
,0,0.0
,0,0.0
,0,0.0
,0,0.0
,0,0.0
,0,0.0
,0,0.0
,0,0.0
,0,0.0
,0,0.0
,0,0.0
,0,0.0
,0,0.0
,0,0.0
,0,0.0
,0,0.0
,0,0.0
,0,0.0
,0,0.0
,0,0.0
,0,0.0
,0,0.0
,0,0.0
,0,0.0
,0,0.0
,0,0.0
,0,0.0
,0,0.0
,0,0.0
,0,0.0
,0,0.0
,0,0.0
,0,0.0
,0,0.0
,0,0.0
,0,0.0
,0,0.0
,0,0.0
,0,0.0
,0,0.0
,0,0.0
,0,0.0
,0,0.0
,0,0.0
,0,0.0
,0,0.0
,0,0.0
,0,0.0
,0,0.0
,0,0.0
,0,0.0
,0,0.0
,0,0.0
,0,0.0
,0,0.0
,0,0.0
,0,0.0
,0,0.0
,0,0.0
,0,0.0
,0,0.0
,0,0.0
,0,0.0
,0,0.0
,0,0.0
,0,0.0
,0,0.0
,0,0.0
,0,0.0
,0,0.0
,0,0.0
,0,0.0
,0,0.0
,0,0.0
,0,0.0
,0,0.0
,0,0.0
,0,0.0
,0,0.0
,0,0.0
,0,0.0
,0,0.0
,0,0.0
,0,0.0
,0,0.0
,0,0.0
,0,0.0
,0,0.0
,0,0.0
,0,0.0
,0,0.0
,0,0.0
,0,0.0
,0,0.0
,0,0.0
,0,0.0
,0,0.0
,0,0.0
,0,0.0
,0,0.0
,0,0.0
,0,0.0
,0,0.0
,0,0.0
,0,0.0
,0,0.0
,0,0.0
,0,0.0
,0,0.0
,0,0.0
,0,0.0
,0,0.0
,0,0.0
,0,0.0
,0,0.0
,0,0.0
,0,0.0
,0,0.0
,0,0.0
,0,0.0
,0,0.0
,0,0.0
,0,0.0
,0,0.0
,0,0.0
,0,0.0
,0,0.0
,0,0.0
,0,0.0
,0,0.0
,0,0.0
,0,0.0
,0,0.0
,0,0.0
,0,0.0
,0,0.0
,0,0.0
,0,0.0
,0,0.0
,0,0.0
,0,0.0
,0,0.0
,0,0.0
,0,0.0
,0,0.0
,0,0.0
,0,0.0
,0,0.0
,0,0.0
,0,0.0
,0,0.0
,0,0.0
,0,0.0
,0,0.0
,0,0.0
,0,0.0
,0,0.0
,0,0.0
,0,0.0
,0,0.0
,0,0.0
,0,0.0
,0,0.0
,0,0.0
,0,0.0
,0,0.0
,0,0.0
,0,0.0
,0,0.0
,0,0.0
,0,0.0
,0,0.0
,0,0.0
,0,0.0
,0,0.0
,0,0.0
,0,0.0
,0,0.0
,0,0.0
,0,0.0
,0,0.0
,0,0.0
,0,0.0
,0,0.0
,0,0.0
,0,0.0
,0,0.0
,0,0.0
,0,0.0
,0,0.0
,0,0.0
,0,0.0
,0,0.0
,0,0.0
,0,0.0
,0,0.0
,0,0.0
,0,0.0
,0,0.0
,0,0.0
,0,0.0
,0,0.0
,0,0.0
,0,0.0
,0,0.0
,0,0.0
,0,0.0
,0,0.0
,0,0.0
,0,0.0
,0,0.0
,0,0.0
,0,0.0
,0,0.0
,0,0.0
,0,0.0
,0,0.0
,0,0.0
,0,0.0
,0,0.0
,0,0.0
,0,0.0
,0,0.0
,0,0.0
,0,0.0
,0,0.0
,0,0.0
,0,0.0
,0,0.0
,0,0.0
,0,0.0
,0,0.0
,0,0.0
,0,0.0
,0,0.0
,0,0.0
,0,0.0
,0,0.0
,0,0.0
,0,0.0
,0,0.0
,0,0.0
,0,0.0
,0,0.0
,0,0.0
,0,0.0
,0,0.0
,0,0.0
,0,0.0
,0,0.0
,0,0.0
,0,0.0
,0,0.0
,0,0.0
,0,0.0
,0,0.0
,0,0.0
,0,0.0
,0,0.0
,0,0.0
,0,0.0
,0,0.0
,0,0.0
,0,0.0
,0,0.0
,0,0.0
,0,0.0
,0,0.0
,0,0.0
,0,0.0
,0,0.0
,0,0.0
,0,0.0
,0,0.0
,0,0.0
,0,0.0
,0,0.0
,0,0.0
,0,0.0
,0,0.0
,0,0.0
,0,0.0
,0,0.0
,0,0.0
,0,0.0
,0,0.0
,0,0.0
,0,0.0
,0,0.0
,0,0.0
,0,0.0
,0,0.0
,0,0.0
262.7515761187538,0,0.6363636363636364
268.6883692389358,0,1.0
268.0885500982586,0,0.36363636363636365
,0,0.0
,0,0.0
,0,0.0
,0,0.0
,0,0.0
,0,0.0
,0,0.0
,0,0.0
,0,0.0
,0,0.0
,0,0.0
,0,0.0
,0,0.0
,0,0.0
,0,0.0
,0,0.0
,0,0.0
,0,0.0
,0,0.0
,0,0.0
,0,0.0
,0,0.0
,0,0.0
,0,0.0
,0,0.0
,0,0.0
,0,0.0
,0,0.0
,0,0.0
,0,0.0
,0,0.0
,0,0.0
,0,0.0
,0,0.0
,0,0.0
,0,0.0
,0,0.0
,0,0.0
,0,0.0
,0,0.0
,0,0.0
,0,0.0
,0,0.0
,0,0.0
,0,0.0
,0,0.0
617.0066263718154,0,0.18181818181818182
603.3598460474792,0,0.36363636363636365
582.0987648036187,0,0.6363636363636364
541.9886260749286,0,0.5833333333333334
545.7496821334009,0,0.36363636363636365
271.4762727412223,0,0.7272727272727273
261.67811071389843,0,0.36363636363636365
,0,0.0
,0,0.0
,0,0.0
,0,0.0
,0,0.0
,0,0.0
,0,0.0
,0,0.0
,0,0.0
,0,0.0
,0,0.0
,0,0.0
,0,0.0
,0,0.0
,0,0.0
,0,0.0
,0,0.0
,0,0.0
,0,0.0
,0,0.0
,0,0.0
,0,0.0
,0,0.0
,0,0.0
,0,0.0
,0,0.0
,0,0.0
,0,0.0
,0,0.0
,0,0.0
267.120769131426,0,0.45454545454545453
256.8046237601808,0,1.0
256.1518642945061,0,1.0
257.1525124823314,0,1.0
268.24443563032617,0,1.0
270.65159611609874,0,1.0
268.0334524532788,0,1.0
284.1496619864414,0,1.0
275.33526988477246,0,1.0
278.87000232918865,0,0.36363636363636365
282.7108494737445,0,0.2727272727272727
277.5599759010471,0,0.9090909090909091
,0,0.0
,0,0.0
,0,0.0
,0,0.0
,0,0.0
,0,0.0
,0,0.0
,0,0.0
,0,0.0
,0,0.0
,0,0.0
,0,0.0
,0,0.0
,0,0.0
,0,0.0
,0,0.0
,0,0.0
,0,0.0
,0,0.0
,0,0.0
,0,0.0
,0,0.0
,0,0.0
,0,0.0
,0,0.0
,0,0.0
,0,0.0
,0,0.0
,0,0.0
,0,0.0
,0,0.0
,0,0.0
,0,0.0
,0,0.0
,0,0.0
,0,0.0
,0,0.0
,0,0.0
,0,0.0
,0,0.0
,0,0.0
,0,0.0
,0,0.0
,0,0.0
,0,0.0
,0,0.0
,0,0.0
,0,0.0
,0,0.0
,0,0.0
,0,0.0
,0,0.0
,0,0.0
,0,0.0
,0,0.0
,0,0.0
,0,0.0
,0,0.0
,0,0.0
,0,0.0
,0,0.0
,0,0.0
,0,0.0
,0,0.0
,0,0.0
,0,0.0
,0,0.0
,0,0.0
,0,0.0
,0,0.0
,0,0.0
,0,0.0
,0,0.0
,0,0.0
,0,0.0
,0,0.0
,0,0.0
,0,0.0
,0,0.0
,0,0.0
,0,0.0
,0,0.0
,0,0.0
,0,0.0
,0,0.0
,0,0.0
,0,0.0
,0,0.0
,0,0.0
,0,0.0
,0,0.0
,0,0.0
,0,0.0
,0,0.0
,0,0.0
,0,0.0
,0,0.0
,0,0.0
,0,0.0
,0,0.0
,0,0.0
,0,0.0
,0,0.0
,0,0.0
,0,0.0
,0,0.0
,0,0.0
,0,0.0
,0,0.0
,0,0.0
,0,0.0
,0,0.0
,0,0.0
,0,0.0
,0,0.0
,0,0.0
,0,0.0
,0,0.0
,0,0.0
,0,0.0
,0,0.0
,0,0.0
,0,0.0
,0,0.0
,0,0.0
,0,0.0
,0,0.0
,0,0.0
,0,0.0
,0,0.0
,0,0.0
,0,0.0
,0,0.0
,0,0.0
,0,0.0
,0,0.0
,0,0.0
,0,0.0
,0,0.0
,0,0.0
,0,0.0
,0,0.0
,0,0.0
,0,0.0
,0,0.0
,0,0.0
,0,0.0
,0,0.0
,0,0.0
,0,0.0
,0,0.0
,0,0.0
,0,0.0
,0,0.0
,0,0.0
,0,0.0
,0,0.0
,0,0.0
,0,0.0
,0,0.0
,0,0.0
,0,0.0
,0,0.0
,0,0.0
,0,0.0
,0,0.0
,0,0.0
,0,0.0
,0,0.0
,0,0.0
,0,0.0
,0,0.0
,0,0.0
,0,0.0
,0,0.0
,0,0.0
,0,0.0
,0,0.0
,0,0.0
,0,0.0
,0,0.0
,0,0.0
,0,0.0
,0,0.0
,0,0.0
,0,0.0
,0,0.0
,0,0.0
,0,0.0
,0,0.0
,0,0.0
,0,0.0
,0,0.0
,0,0.0
,0,0.0
,0,0.0
,0,0.0
,0,0.0
,0,0.0
,0,0.0
,0,0.0
,0,0.0
,0,0.0
,0,0.0
,0,0.0
,0,0.0
,0,0.0
,0,0.0
,0,0.0
,0,0.0
,0,0.0
,0,0.0
,0,0.0
,0,0.0
,0,0.0
,0,0.0
,0,0.0
,0,0.0
,0,0.0
,0,0.0
,0,0.0
,0,0.0
,0,0.0
,0,0.0
,0,0.0
,0,0.0
,0,0.0
,0,0.0
,0,0.0
,0,0.0
,0,0.0
,0,0.0
,0,0.0
,0,0.0
,0,0.0
,0,0.0
,0,0.0
,0,0.0
,0,0.0
,0,0.0
,0,0.0
,0,0.0
,0,0.0
,0,0.0
,0,0.0
,0,0.0
,0,0.0
,0,0.0
,0,0.0
,0,0.0
,0,0.0
,0,0.0
,0,0.0
,0,0.0
,0,0.0
,0,0.0
,0,0.0
,0,0.0
,0,0.0
,0,0.0
,0,0.0
,0,0.0
,0,0.0
,0,0.0
,0,0.0
,0,0.0
,0,0.0
,0,0.0
,0,0.0
,0,0.0
,0,0.0
,0,0.0
,0,0.0
,0,0.0
,0,0.0
,0,0.0
,0,0.0
,0,0.0
,0,0.0
,0,0.0
,0,0.0
,0,0.0
,0,0.0
,0,0.0
,0,0.0
,0,0.0
,0,0.0
,0,0.0
,0,0.0
,0,0.0
,0,0.0
,0,0.0
,0,0.0
,0,0.0
,0,0.0
,0,0.0
,0,0.0
,0,0.0
,0,0.0
,0,0.0
,0,0.0
,0,0.0
,0,0.0
,0,0.0
,0,0.0
,0,0.0
,0,0.0
,0,0.0
,0,0.0
,0,0.0
,0,0.0
,0,0.0
,0,0.0
,0,0.0
,0,0.0
,0,0.0
,0,0.0
,0,0.0
,0,0.0
,0,0.0
,0,0.0
,0,0.0
,0,0.0
,0,0.0
,0,0.0
,0,0.0
,0,0.0
,0,0.0
,0,0.0
,0,0.0
,0,0.0
,0,0.0
,0,0.0
,0,0.0
,0,0.0
,0,0.0
,0,0.0
,0,0.0
,0,0.0
,0,0.0
,0,0.0
,0,0.0
,0,0.0
,0,0.0
,0,0.0
,0,0.0
,0,0.0
,0,0.0
,0,0.0
,0,0.0
,0,0.0
,0,0.0
,0,0.0
,0,0.0
,0,0.0
,0,0.0
,0,0.0
,0,0.0
,0,0.0
,0,0.0
,0,0.0
,0,0.0
,0,0.0
,0,0.0
,0,0.0
,0,0.0
,0,0.0
,0,0.0
,0,0.0
,0,0.0
,0,0.0
,0,0.0
,0,0.0
,0,0.0
,0,0.0
,0,0.0
,0,0.0
,0,0.0
,0,0.0
,0,0.0
,0,0.0
,0,0.0
,0,0.0
,0,0.0
,0,0.0
,0,0.0
,0,0.0
,0,0.0
,0,0.0
,0,0.0
,0,0.0
,0,0.0
,0,0.0
,0,0.0
,0,0.0
,0,0.0
,0,0.0
,0,0.0
,0,0.0
,0,0.0
,0,0.0
,0,0.0
,0,0.0
,0,0.0
,0,0.0
,0,0.0
,0,0.0
,0,0.0
,0,0.0
,0,0.0
,0,0.0
,0,0.0
,0,0.0
,0,0.0
,0,0.0
,0,0.0
,0,0.0
,0,0.0
,0,0.0
,0,0.0
,0,0.0
,0,0.0
,0,0.0
,0,0.0
,0,0.0
,0,0.0
,0,0.0
,0,0.0
,0,0.0
,0,0.0
,0,0.0
,0,0.0
,0,0.0
,0,0.0
,0,0.0
,0,0.0
,0,0.0
,0,0.0
,0,0.0
,0,0.0
,0,0.0
,0,0.0
,0,0.0
,0,0.0
,0,0.0
,0,0.0
,0,0.0
,0,0.0
,0,0.0
,0,0.0
,0,0.0
,0,0.0
,0,0.0
,0,0.0
,0,0.0
,0,0.0
,0,0.0
,0,0.0
,0,0.0
,0,0.0
,0,0.0
,0,0.0
,0,0.0
,0,0.0
,0,0.0
,0,0.0
,0,0.0
,0,0.0
,0,0.0
,0,0.0
,0,0.0
,0,0.0
,0,0.0
,0,0.0
,0,0.0
,0,0.0
,0,0.0
,0,0.0
,0,0.0
,0,0.0
,0,0.0
,0,0.0
,0,0.0
,0,0.0
,0,0.0
,0,0.0
,0,0.0
,0,0.0
,0,0.0
,0,0.0
,0,0.0
,0,0.0
,0,0.0
,0,0.0
,0,0.0
,0,0.0
,0,0.0
,0,0.0
,0,0.0
,0,0.0
,0,0.0
,0,0.0
,0,0.0
,0,0.0
,0,0.0
,0,0.0
,0,0.0
,0,0.0
,0,0.0
,0,0.0
303.0277443347523,0,0.9090909090909091
305.6812983151046,0,1.0
307.56980403794574,0,1.0
323.76329530005034,0,0.8181818181818182
323.5969147138991,0,1.0
346.3002541792779,0,1.0
353.31406007082506,0,1.0
354.7463595312283,0,1.0
355.80780379219254,0,1.0
353.5192909421419,0,1.0
350.9800701249657,0,1.0
353.8541250735178,0,0.36363636363636365
354.6814411755249,0,0.7272727272727273
346.7191474007409,0,1.0
338.01275904638146,0,1.0
339.65837976416503,0,1.0
333.9308074249711,0,1.0
326.1349735102631,0,1.0
324.65661796222304,0,1.0
315.2406348583579,0,1.0
313.8388169765509,0,1.0
312.4323272214326,0,1.0
311.0797027001343,0,1.0
312.37887906386317,0,1.0
311.27695387151437,0,1.0
317.5216520871122,0,0.6666666666666666
,0,0.0
,0,0.0
,0,0.0
,0,0.0
,0,0.0
,0,0.0
,0,0.0
,0,0.0
,0,0.0
,0,0.0
,0,0.0
,0,0.0
,0,0.0
,0,0.0
,0,0.0
,0,0.0
,0,0.0
,0,0.0
,0,0.0
,0,0.0
,0,0.0
,0,0.0
,0,0.0
,0,0.0
,0,0.0
,0,0.0
,0,0.0
,0,0.0
,0,0.0
,0,0.0
,0,0.0
,0,0.0
,0,0.0
,0,0.0
,0,0.0
,0,0.0
,0,0.0
,0,0.0
,0,0.0
,0,0.0
,0,0.0
,0,0.0
,0,0.0
,0,0.0
,0,0.0
,0,0.0
,0,0.0
,0,0.0
,0,0.0
,0,0.0
,0,0.0
,0,0.0
,0,0.0
,0,0.0
,0,0.0
,0,0.0
,0,0.0
,0,0.0
,0,0.0
,0,0.0
,0,0.0
,0,0.0
,0,0.0
,0,0.0
,0,0.0
,0,0.0
,0,0.0
,0,0.0
,0,0.0
,0,0.0
,0,0.0
,0,0.0
,0,0.0
,0,0.0
,0,0.0
,0,0.0
,0,0.0
,0,0.0
,0,0.0
,0,0.0
,0,0.0
,0,0.0
,0,0.0
,0,0.0
,0,0.0
,0,0.0
,0,0.0
,0,0.0
,0,0.0
,0,0.0
,0,0.0
,0,0.0
,0,0.0
,0,0.0
,0,0.0
,0,0.0
,0,0.0
,0,0.0
,0,0.0
,0,0.0
,0,0.0
,0,0.0
,0,0.0
,0,0.0
,0,0.0
,0,0.0
,0,0.0
,0,0.0
,0,0.0
,0,0.0
,0,0.0
,0,0.0
,0,0.0
,0,0.0
,0,0.0
287.28266170904055,0,1.0
277.50666165183605,0,0.5454545454545454
,0,0.0
289.95393075480916,0,0.09090909090909091
279.4855930048342,0,1.0
264.95087122183264,0,1.0
285.0610211854621,0,1.0
288.67248974315635,0,0.75
,0,0.0
,0,0.0
,0,0.0
,0,0.0
,0,0.0
,0,0.0
,0,0.0
,0,0.0
,0,0.0
268.5173458849454,0,0.45454545454545453
269.47093909546885,0,0.9090909090909091
,0,0.0
,0,0.0
,0,0.0
,0,0.0
,0,0.0
,0,0.0
,0,0.0
,0,0.0
,0,0.0
,0,0.0
,0,0.0
,0,0.0
,0,0.0
,0,0.0
,0,0.0
,0,0.0
,0,0.0
,0,0.0
,0,0.0
,0,0.0
,0,0.0
,0,0.0
,0,0.0
,0,0.0
,0,0.0
,0,0.0
,0,0.0
,0,0.0
,0,0.0
,0,0.0
,0,0.0
,0,0.0
,0,0.0
,0,0.0
,0,0.0
,0,0.0
,0,0.0
,0,0.0
,0,0.0
,0,0.0
,0,0.0
,0,0.0
,0,0.0
,0,0.0
,0,0.0
,0,0.0
,0,0.0
,0,0.0
,0,0.0
,0,0.0
,0,0.0
,0,0.0
,0,0.0
,0,0.0
,0,0.0
,0,0.0
,0,0.0
,0,0.0
,0,0.0
,0,0.0
,0,0.0
,0,0.0
,0,0.0
,0,0.0
,0,0.0
,0,0.0
,0,0.0
,0,0.0
,0,0.0
,0,0.0
,0,0.0
,0,0.0
,0,0.0
,0,0.0
,0,0.0
,0,0.0
,0,0.0
,0,0.0
,0,0.0
,0,0.0
,0,0.0
,0,0.0
,0,0.0
,0,0.0
,0,0.0
,0,0.0
,0,0.0
,0,0.0
,0,0.0
,0,0.0
,0,0.0
,0,0.0
,0,0.0
,0,0.0
,0,0.0
,0,0.0
,0,0.0
,0,0.0
,0,0.0
,0,0.0
,0,0.0
,0,0.0
,0,0.0
,0,0.0
,0,0.0
,0,0.0
,0,0.0
,0,0.0
,0,0.0
,0,0.0
,0,0.0
,0,0.0
,0,0.0
,0,0.0
,0,0.0
,0,0.0
,0,0.0
,0,0.0
,0,0.0
,0,0.0
,0,0.0
,0,0.0
,0,0.0
,0,0.0
,0,0.0
,0,0.0
,0,0.0
,0,0.0
,0,0.0
,0,0.0
,0,0.0
,0,0.0
,0,0.0
,0,0.0
,0,0.0
,0,0.0
,0,0.0
,0,0.0
,0,0.0
,0,0.0
,0,0.0
,0,0.0
,0,0.0
,0,0.0
,0,0.0
,0,0.0
300.05449062563895,0,0.6363636363636364
290.88153436389825,0,1.0
285.7711620884511,0,1.0
291.5943772463685,0,1.0
277.8779655599767,0,0.9090909090909091
267.318293708674,0,0.18181818181818182
279.0758744260312,0,1.0
281.1158356913701,0,0.9090909090909091
277.1452554228931,0,0.9090909090909091
274.75593944530885,0,1.0
274.8464914676503,0,1.0
267.6281817587927,0,0.6363636363636364
274.6047942181353,0,0.5454545454545454
272.47047916063184,0,1.0
271.46056832210456,0,1.0
278.08971951054184,0,0.6363636363636364
277.66008804309774,0,1.0
274.1864189116285,0,1.0
,0,0.0
,0,0.0
,0,0.0
,0,0.0
,0,0.0
,0,0.0
,0,0.0
,0,0.0
,0,0.0
,0,0.0
256.62979837582566,0,0.7272727272727273
261.90504601886715,0,0.09090909090909091
,0,0.0
,0,0.0
,0,0.0
,0,0.0
,0,0.0
,0,0.0
,0,0.0
,0,0.0
,0,0.0
,0,0.0
,0,0.0
,0,0.0
,0,0.0
,0,0.0
,0,0.0
,0,0.0
,0,0.0
,0,0.0
,0,0.0
,0,0.0
,0,0.0
,0,0.0
,0,0.0
,0,0.0
,0,0.0
,0,0.0
,0,0.0
,0,0.0
,0,0.0
,0,0.0
,0,0.0
,0,0.0
,0,0.0
,0,0.0
,0,0.0
,0,0.0
,0,0.0
,0,0.0
,0,0.0
,0,0.0
,0,0.0
,0,0.0
,0,0.0
,0,0.0
,0,0.0
,0,0.0
,0,0.0
,0,0.0
,0,0.0
,0,0.0
,0,0.0
,0,0.0
345.82029734356536,0,0.09090909090909091
349.0720367195902,0,1.0
340.1883949308271,0,1.0
343.4449679507735,0,0.45454545454545453
336.7938057377826,0,0.0
,0,0.0
,0,0.0
,0,0.0
322.91582702536834,0,0.0
325.5751413567718,1,0.0
323.22330321399426,1,0.0
328.1518750193332,1,0.0
333.0866559716196,1,0.0
332.21672313329657,1,0.0
336.59837797923507,1,0.0
335.9684965013034,0,0.0
329.31283797719146,0,0.0
330.58072449138456,0,0.0
,0,0.0
,0,0.0
,0,0.0
,0,0.0
,0,0.0
,0,0.0
,0,0.0
,0,0.0
,0,0.0
,0,0.0
,0,0.0
,0,0.0
,0,0.0
,0,0.0
,0,0.0
,0,0.0
,0,0.0
,0,0.0
,0,0.0
,0,0.0
,0,0.0
,0,0.0
,0,0.0
,0,0.0
,0,0.0
,0,0.0
,0,0.0
,0,0.0
295.62106798064684,0,0.0
297.0527532425918,0,0.6363636363636364
322.5410495258892,0,0.18181818181818182
321.95648226452414,0,0.9090909090909091
,0,0.0
,0,0.0
,0,0.0
,0,0.0
,0,0.0
,0,0.0
,0,0.0
,0,0.0
,0,0.0
,0,0.0
,0,0.0
,0,0.0
,0,0.0
,0,0.0
,0,0.0
,0,0.0
,0,0.0
,0,0.0
,0,0.0
,0,0.0
,0,0.0
,0,0.0
,0,0.0
,0,0.0
,0,0.0
,0,0.0
,0,0.0
,0,0.0
,0,0.0
,0,0.0
,0,0.0
,0,0.0
,0,0.0
,0,0.0
,0,0.0
,0,0.0
,0,0.0
,0,0.0
,0,0.0
,0,0.0
,0,0.0
,0,0.0
,0,0.0
,0,0.0
,0,0.0
,0,0.0
,0,0.0
,0,0.0
,0,0.0
,0,0.0
,0,0.0
,0,0.0
,0,0.0
,0,0.0
,0,0.0
,0,0.0
,0,0.0
,0,0.0
,0,0.0
,0,0.0
,0,0.0
,0,0.0
,0,0.0
,0,0.0
,0,0.0
,0,0.0
,0,0.0
,0,0.0
,0,0.0
,0,0.0
,0,0.0
,0,0.0
,0,0.0
,0,0.0
,0,0.0
,0,0.0
,0,0.0
,0,0.0
,0,0.0
,0,0.0
,0,0.0
,0,0.0
,0,0.0
,0,0.0
,0,0.0
,0,0.0
,0,0.0
,0,0.0
,0,0.0
,0,0.0
,0,0.0
,0,0.0
,0,0.0
,0,0.0
,0,0.0
,0,0.0
,0,0.0
,0,0.0
,0,0.0
,0,0.0
,0,0.0
,0,0.0
,0,0.0
,0,0.0
,0,0.0
,0,0.0
,0,0.0
,0,0.0
,0,0.0
,0,0.0
,0,0.0
,0,0.0
,0,0.0
,0,0.0
,0,0.0
,0,0.0
,0,0.0
,0,0.0
,0,0.0
,0,0.0
,0,0.0
,0,0.0
,0,0.0
,0,0.0
,0,0.0
,0,0.0
,0,0.0
,0,0.0
,0,0.0
,0,0.0
,0,0.0
,0,0.0
,0,0.0
,0,0.0
,0,0.0
,0,0.0
,0,0.0
,0,0.0
,0,0.0
,0,0.0
,0,0.0
,0,0.0
,0,0.0
,0,0.0
,0,0.0
,0,0.0
,0,0.0
,0,0.0
,0,0.0
,0,0.0
,0,0.0
,0,0.0
,0,0.0
,0,0.0
,0,0.0
,0,0.0
,0,0.0
,0,0.0
,0,0.0
,0,0.0
,0,0.0
,0,0.0
,0,0.0
,0,0.0
,0,0.0
,0,0.0
,0,0.0
,0,0.0
,0,0.0
,0,0.0
,0,0.0
,0,0.0
,0,0.0
,0,0.0
285.5769037361584,0,1.0
301.35178069300844,0,1.0
311.8013684510145,0,1.0
314.66246488921314,0,1.0
306.294297416531,0,1.0
288.0108936169288,0,1.0
279.34407579685944,0,1.0
280.15964938344257,0,0.5454545454545454
,0,0.0
,0,0.0
,0,0.0
,0,0.0
,0,0.0
,0,0.0
,0,0.0
,0,0.0
,0,0.0
,0,0.0
,0,0.0
,0,0.0
,0,0.0
,0,0.0
,0,0.0
,0,0.0
,0,0.0
,0,0.0
,0,0.0
,0,0.0
,0,0.0
,0,0.0
,0,0.0
,0,0.0
,0,0.0
,0,0.0
,0,0.0
,0,0.0
,0,0.0
,0,0.0
,0,0.0
,0,0.0
,0,0.0
,0,0.0
,0,0.0
,0,0.0
,0,0.0
,0,0.0
,0,0.0
,0,0.0
,0,0.0
,0,0.0
,0,0.0
,0,0.0
,0,0.0
,0,0.0
,0,0.0
,0,0.0
,0,0.0
,0,0.0
,0,0.0
,0,0.0
,0,0.0
,0,0.0
,0,0.0
,0,0.0
,0,0.0
,0,0.0
,0,0.0
,0,0.0
,0,0.0
,0,0.0
,0,0.0
,0,0.0
,0,0.0
,0,0.0
,0,0.0
,0,0.0
,0,0.0
,0,0.0
269.58643021054877,0,0.6363636363636364
258.5114555496677,0,0.09090909090909091
257.3072086570109,0,0.8181818181818182
,0,0.0
261.0165034326484,0,0.18181818181818182
257.09758223946125,0,0.7272727272727273
,0,0.0
294.52084613754704,0,0.2727272727272727
288.0065234038192,0,0.18181818181818182
,0,0.0
,0,0.0
,0,0.0
,0,0.0
,0,0.0
,0,0.0
,0,0.0
,0,0.0
,0,0.0
,0,0.0
,0,0.0
,0,0.0
,0,0.0
,0,0.0
,0,0.0
,0,0.0
,0,0.0
,0,0.0
,0,0.0
,0,0.0
,0,0.0
,0,0.0
,0,0.0
,0,0.0
,0,0.0
,0,0.0
,0,0.0
,0,0.0
,0,0.0
,0,0.0
,0,0.0
,0,0.0
,0,0.0
,0,0.0
,0,0.0
,0,0.0
,0,0.0
,0,0.0
,0,0.0
,0,0.0
,0,0.0
,0,0.0
,0,0.0
,0,0.0
,0,0.0
,0,0.0
,0,0.0
,0,0.0
,0,0.0
,0,0.0
,0,0.0
,0,0.0
,0,0.0
,0,0.0
,0,0.0
,0,0.0
,0,0.0
,0,0.0
,0,0.0
,0,0.0
,0,0.0
,0,0.0
,0,0.0
,0,0.0
,0,0.0
,0,0.0
,0,0.0
,0,0.0
,0,0.0
,0,0.0
,0,0.0
,0,0.0
,0,0.0
,0,0.0
,0,0.0
,0,0.0
,0,0.0
,0,0.0
,0,0.0
,0,0.0
,0,0.0
,0,0.0
,0,0.0
,0,0.0
,0,0.0
,0,0.0
,0,0.0
,0,0.0
,0,0.0
,0,0.0
,0,0.0
260.69380289600247,0,0.18181818181818182
278.5282191269731,0,1.0
,0,0.0
,0,0.0
267.55887785708967,0,0.5
262.1982129526611,0,1.0
260.0181612766581,0,1.0
260.60342505334216,0,0.09090909090909091
280.66290798204096,0,0.36363636363636365
289.14547095000097,0,0.9090909090909091
,0,0.0
,0,0.0
,0,0.0
,0,0.0
,0,0.0
,0,0.0
,0,0.0
,0,0.0
,0,0.0
,0,0.0
,0,0.0
,0,0.0
,0,0.0
,0,0.0
,0,0.0
,0,0.0
,0,0.0
,0,0.0
,0,0.0
,0,0.0
,0,0.0
,0,0.0
,0,0.0
,0,0.0
,0,0.0
,0,0.0
,0,0.0
,0,0.0
,0,0.0
,0,0.0
,0,0.0
,0,0.0
,0,0.0
,0,0.0
,0,0.0
,0,0.0
,0,0.0
,0,0.0
,0,0.0
,0,0.0
,0,0.0
,0,0.0
,0,0.0
,0,0.0
,0,0.0
,0,0.0
,0,0.0
,0,0.0
,0,0.0
,0,0.0
,0,0.0
,0,0.0
,0,0.0
,0,0.0
,0,0.0
,0,0.0
,0,0.0
,0,0.0
,0,0.0
,0,0.0
,0,0.0
,0,0.0
,0,0.0
,0,0.0
,0,0.0
,0,0.0
,0,0.0
,0,0.0
,0,0.0
,0,0.0
,0,0.0
,0,0.0
,0,0.0
,0,0.0
,0,0.0
,0,0.0
,0,0.0
,0,0.0
,0,0.0
,0,0.0
,0,0.0
,0,0.0
,0,0.0
,0,0.0
,0,0.0
,0,0.0
,0,0.0
,0,0.0
,0,0.0
,0,0.0
,0,0.0
,0,0.0
,0,0.0
,0,0.0
,0,0.0
,0,0.0
,0,0.0
,0,0.0
,0,0.0
,0,0.0
,0,0.0
,0,0.0
,0,0.0
,0,0.0
,0,0.0
,0,0.0
,0,0.0
,0,0.0
,0,0.0
,0,0.0
,0,0.0
,0,0.0
,0,0.0
,0,0.0
,0,0.0
,0,0.0
,0,0.0
,0,0.0
,0,0.0
,0,0.0
,0,0.0
,0,0.0
,0,0.0
,0,0.0
,0,0.0
,0,0.0
,0,0.0
,0,0.0
,0,0.0
,0,0.0
,0,0.0
,0,0.0
,0,0.0
,0,0.0
,0,0.0
,0,0.0
,0,0.0
,0,0.0
,0,0.0
,0,0.0
,0,0.0
,0,0.0
,0,0.0
,0,0.0
,0,0.0
,0,0.0
,0,0.0
,0,0.0
,0,0.0
,0,0.0
,0,0.0
,0,0.0
,0,0.0
,0,0.0
,0,0.0
,0,0.0
,0,0.0
,0,0.0
,0,0.0
,0,0.0
,0,0.0
,0,0.0
,0,0.0
,0,0.0
,0,0.0
,0,0.0
,0,0.0
,0,0.0
,0,0.0
,0,0.0
,0,0.0
,0,0.0
,0,0.0
,0,0.0
,0,0.0
,0,0.0
,0,0.0
,0,0.0
,0,0.0
,0,0.0
,0,0.0
,0,0.0
,0,0.0
,0,0.0
,0,0.0
,0,0.0
,0,0.0
,0,0.0
,0,0.0
,0,0.0
,0,0.0
,0,0.0
,0,0.0
,0,0.0
,0,0.0
,0,0.0
,0,0.0
,0,0.0
,0,0.0
,0,0.0
,0,0.0
,0,0.0
,0,0.0
,0,0.0
,0,0.0
,0,0.0
,0,0.0
,0,0.0
,0,0.0
,0,0.0
,0,0.0
,0,0.0
,0,0.0
,0,0.0
,0,0.0
,0,0.0
,0,0.0
387.71536481875637,0,0.6363636363636364
387.5151288361749,0,1.0
381.3006316898208,0,1.0
374.20599230359363,0,0.6363636363636364
373.33886711323885,1,0.0
360.2091696240874,0,0.0
360.8697162962641,0,0.0
,0,0.0
,0,0.0
,0,0.0
350.30496327922845,0,0.0
347.5893155186899,0,0.0
330.1650327885635,0,0.0
324.35120271095855,1,0.0
322.60385472412,1,0.0
321.0706143537213,0,0.0
,0,0.0
,0,0.0
,0,0.0
,0,0.0
,0,0.0
,0,0.0
,0,0.0
,0,0.0
,0,0.0
,0,0.0
,0,0.0
,0,0.0
,0,0.0
,0,0.0
,0,0.0
,0,0.0
,0,0.0
,0,0.0
,0,0.0
,0,0.0
,0,0.0
,0,0.0
,0,0.0
,0,0.0
,0,0.0
,0,0.0
,0,0.0
,0,0.0
,0,0.0
,0,0.0
,0,0.0
,0,0.0
,0,0.0
,0,0.0
,0,0.0
,0,0.0
,0,0.0
,0,0.0
,0,0.0
,0,0.0
,0,0.0
,0,0.0
,0,0.0
,0,0.0
,0,0.0
,0,0.0
,0,0.0
,0,0.0
,0,0.0
,0,0.0
,0,0.0
,0,0.0
,0,0.0
303.6076244837847,0,0.2727272727272727
,0,0.0
,0,0.0
,0,0.0
,0,0.0
,0,0.0
,0,0.0
,0,0.0
,0,0.0
,0,0.0
,0,0.0
,0,0.0
,0,0.0
,0,0.0
,0,0.0
,0,0.0
,0,0.0
,0,0.0
,0,0.0
,0,0.0
,0,0.0
,0,0.0
,0,0.0
,0,0.0
,0,0.0
,0,0.0
,0,0.0
,0,0.0
,0,0.0
,0,0.0
,0,0.0
,0,0.0
,0,0.0
,0,0.0
,0,0.0
,0,0.0
,0,0.0
,0,0.0
,0,0.0
,0,0.0
,0,0.0
,0,0.0
,0,0.0
,0,0.0
258.47763761622275,0,0.3333333333333333
,0,0.0
,0,0.0
,0,0.0
,0,0.0
,0,0.0
,0,0.0
,0,0.0
,0,0.0
,0,0.0
,0,0.0
,0,0.0
,0,0.0
,0,0.0
,0,0.0
,0,0.0
,0,0.0
,0,0.0
,0,0.0
,0,0.0
,0,0.0
,0,0.0
,0,0.0
,0,0.0
,0,0.0
,0,0.0
,0,0.0
,0,0.0
,0,0.0
,0,0.0
,0,0.0
,0,0.0
,0,0.0
,0,0.0
,0,0.0
,0,0.0
,0,0.0
,0,0.0
,0,0.0
,0,0.0
,0,0.0
283.4738233398334,0,0.5
,0,0.0
,0,0.0
,0,0.0
,0,0.0
,0,0.0
,0,0.0
,0,0.0
,0,0.0
,0,0.0
,0,0.0
,0,0.0
,0,0.0
,0,0.0
,0,0.0
,0,0.0
,0,0.0
,0,0.0
,0,0.0
,0,0.0
,0,0.0
,0,0.0
,0,0.0
,0,0.0
,0,0.0
,0,0.0
401.4032093130013,0,0.5454545454545454
459.8780685128251,0,1.0
429.0158820795855,0,0.09090909090909091
402.04931237974404,0,0.09090909090909091
363.6571531201051,0,0.9090909090909091
331.8176060986147,0,0.6363636363636364
,0,0.0
367.3670031250976,0,0.0
,0,0.0
,0,0.0
,0,0.0
,0,0.0
,0,0.0
,0,0.0
,0,0.0
,0,0.0
,0,0.0
,0,0.0
,0,0.0
,0,0.0
,0,0.0
,0,0.0
,0,0.0
,0,0.0
,0,0.0
,0,0.0
,0,0.0
,0,0.0
261.14339032460373,0,0.2727272727272727
269.7128048403946,0,0.09090909090909091
,0,0.0
,0,0.0
,0,0.0
,0,0.0
,0,0.0
,0,0.0
,0,0.0
,0,0.0
,0,0.0
,0,0.0
,0,0.0
,0,0.0
,0,0.0
,0,0.0
,0,0.0
,0,0.0
,0,0.0
,0,0.0
,0,0.0
,0,0.0
,0,0.0
,0,0.0
,0,0.0
,0,0.0
,0,0.0
,0,0.0
,0,0.0
,0,0.0
,0,0.0
,0,0.0
,0,0.0
,0,0.0
,0,0.0
,0,0.0
,0,0.0
,0,0.0
,0,0.0
,0,0.0
,0,0.0
,0,0.0
,0,0.0
,0,0.0
,0,0.0
,0,0.0
,0,0.0
,0,0.0
,0,0.0
,0,0.0
,0,0.0
,0,0.0
,0,0.0
,0,0.0
,0,0.0
,0,0.0
,0,0.0
,0,0.0
,0,0.0
,0,0.0
,0,0.0
,0,0.0
,0,0.0
,0,0.0
,0,0.0
,0,0.0
,0,0.0
,0,0.0
,0,0.0
,0,0.0
,0,0.0
,0,0.0
,0,0.0
,0,0.0
,0,0.0
,0,0.0
,0,0.0
,0,0.0
,0,0.0
,0,0.0
,0,0.0
,0,0.0
,0,0.0
,0,0.0
,0,0.0
,0,0.0
,0,0.0
,0,0.0
,0,0.0
,0,0.0
,0,0.0
,0,0.0
,0,0.0
,0,0.0
,0,0.0
,0,0.0
,0,0.0
,0,0.0
,0,0.0
,0,0.0
,0,0.0
,0,0.0
,0,0.0
,0,0.0
,0,0.0
,0,0.0
,0,0.0
,0,0.0
,0,0.0
,0,0.0
,0,0.0
,0,0.0
,0,0.0
,0,0.0
,0,0.0
,0,0.0
,0,0.0
,0,0.0
,0,0.0
,0,0.0
,0,0.0
,0,0.0
,0,0.0
,0,0.0
,0,0.0
,0,0.0
,0,0.0
,0,0.0
,0,0.0
,0,0.0
,0,0.0
,0,0.0
,0,0.0
,0,0.0
,0,0.0
,0,0.0
,0,0.0
,0,0.0
,0,0.0
,0,0.0
,0,0.0
,0,0.0
,0,0.0
,0,0.0
,0,0.0
,0,0.0
,0,0.0
,0,0.0
,0,0.0
,0,0.0
,0,0.0
,0,0.0
,0,0.0
,0,0.0
,0,0.0
,0,0.0
,0,0.0
,0,0.0
,0,0.0
,0,0.0
,0,0.0
,0,0.0
,0,0.0
,0,0.0
,0,0.0
,0,0.0
,0,0.0
,0,0.0
,0,0.0
,0,0.0
,0,0.0
,0,0.0
,0,0.0
,0,0.0
,0,0.0
,0,0.0
,0,0.0
,0,0.0
,0,0.0
,0,0.0
,0,0.0
,0,0.0
,0,0.0
,0,0.0
,0,0.0
,0,0.0
,0,0.0
,0,0.0
,0,0.0
,0,0.0
,0,0.0
,0,0.0
,0,0.0
,0,0.0
,0,0.0
,0,0.0
,0,0.0
,0,0.0
,0,0.0
,0,0.0
,0,0.0
,0,0.0
,0,0.0
,0,0.0
,0,0.0
,0,0.0
,0,0.0
,0,0.0
,0,0.0
,0,0.0
,0,0.0
,0,0.0
,0,0.0
,0,0.0
,0,0.0
,0,0.0
,0,0.0
,0,0.0
,0,0.0
,0,0.0
,0,0.0
,0,0.0
,0,0.0
,0,0.0
,0,0.0
,0,0.0
,0,0.0
,0,0.0
,0,0.0
,0,0.0
,0,0.0
,0,0.0
,0,0.0
,0,0.0
,0,0.0
,0,0.0
,0,0.0
,0,0.0
,0,0.0
,0,0.0
,0,0.0
,0,0.0
,0,0.0
,0,0.0
,0,0.0
,0,0.0
,0,0.0
,0,0.0
,0,0.0
,0,0.0
,0,0.0
,0,0.0
,0,0.0
,0,0.0
,0,0.0
,0,0.0
,0,0.0
,0,0.0
,0,0.0
,0,0.0
,0,0.0
,0,0.0
,0,0.0
,0,0.0
,0,0.0
,0,0.0
,0,0.0
,0,0.0
,0,0.0
,0,0.0
,0,0.0
,0,0.0
,0,0.0
,0,0.0
,0,0.0
,0,0.0
,0,0.0
,0,0.0
,0,0.0
,0,0.0
,0,0.0
,0,0.0
,0,0.0
,0,0.0
,0,0.0
,0,0.0
,0,0.0
,0,0.0
,0,0.0
,0,0.0
,0,0.0
,0,0.0
,0,0.0
,0,0.0
,0,0.0
,0,0.0
,0,0.0
,0,0.0
,0,0.0
,0,0.0
,0,0.0
,0,0.0
,0,0.0
,0,0.0
,0,0.0
,0,0.0
,0,0.0
,0,0.0
,0,0.0
,0,0.0
,0,0.0
,0,0.0
,0,0.0
,0,0.0
,0,0.0
,0,0.0
,0,0.0
,0,0.0
,0,0.0
,0,0.0
,0,0.0
,0,0.0
,0,0.0
,0,0.0
,0,0.0
,0,0.0
,0,0.0
,0,0.0
,0,0.0
,0,0.0
,0,0.0
,0,0.0
,0,0.0
,0,0.0
,0,0.0
,0,0.0
,0,0.0
,0,0.0
387.05357726894044,0,0.25
382.3102797182799,0,0.9090909090909091
460.56912338314334,0,0.8181818181818182
,0,0.0
,0,0.0
,0,0.0
,0,0.0
,0,0.0
,0,0.0
,0,0.0
,0,0.0
,0,0.0
303.29601735134975,0,0.5454545454545454
311.08279231949746,1,1.0
,0,0.0
,0,0.0
,0,0.0
,0,0.0
,0,0.0
,0,0.0
,0,0.0
,0,0.0
,0,0.0
,0,0.0
,0,0.0
,0,0.0
,0,0.0
,0,0.0
,0,0.0
,0,0.0
,0,0.0
,0,0.0
,0,0.0
,0,0.0
,0,0.0
,0,0.0
,0,0.0
,0,0.0
,0,0.0
,0,0.0
,0,0.0
,0,0.0
,0,0.0
,0,0.0
,0,0.0
,0,0.0
,0,0.0
,0,0.0
,0,0.0
,0,0.0
,0,0.0
,0,0.0
,0,0.0
,0,0.0
,0,0.0
,0,0.0
,0,0.0
,0,0.0
,0,0.0
,0,0.0
,0,0.0
,0,0.0
,0,0.0
,0,0.0
,0,0.0
,0,0.0
,0,0.0
,0,0.0
,0,0.0
,0,0.0
,0,0.0
,0,0.0
,0,0.0
,0,0.0
,0,0.0
,0,0.0
,0,0.0
,0,0.0
,0,0.0
,0,0.0
,0,0.0
,0,0.0
,0,0.0
,0,0.0
,0,0.0
,0,0.0
,0,0.0
,0,0.0
,0,0.0
,0,0.0
,0,0.0
,0,0.0
258.5083450166158,0,0.2727272727272727
253.62955285798415,0,0.36363636363636365
,0,0.0
,0,0.0
,0,0.0
,0,0.0
,0,0.0
,0,0.0
,0,0.0
,0,0.0
,0,0.0
,0,0.0
,0,0.0
,0,0.0
,0,0.0
,0,0.0
,0,0.0
,0,0.0
,0,0.0
,0,0.0
,0,0.0
,0,0.0
,0,0.0
,0,0.0
,0,0.0
,0,0.0
,0,0.0
,0,0.0
,0,0.0
,0,0.0
,0,0.0
,0,0.0
,0,0.0
,0,0.0
,0,0.0
,0,0.0
,0,0.0
,0,0.0
,0,0.0
,0,0.0
,0,0.0
,0,0.0
,0,0.0
,0,0.0
,0,0.0
,0,0.0
,0,0.0
,0,0.0
,0,0.0
,0,0.0
,0,0.0
,0,0.0
,0,0.0
,0,0.0
,0,0.0
,0,0.0
,0,0.0
,0,0.0
,0,0.0
,0,0.0
,0,0.0
,0,0.0
,0,0.0
,0,0.0
,0,0.0
,0,0.0
,0,0.0
,0,0.0
,0,0.0
,0,0.0
,0,0.0
,0,0.0
,0,0.0
,0,0.0
,0,0.0
,0,0.0
,0,0.0
,0,0.0
,0,0.0
,0,0.0
,0,0.0
,0,0.0
,0,0.0
,0,0.0
,0,0.0
,0,0.0
,0,0.0
,0,0.0
,0,0.0
,0,0.0
,0,0.0
,0,0.0
,0,0.0
,0,0.0
,0,0.0
,0,0.0
,0,0.0
,0,0.0
,0,0.0
,0,0.0
,0,0.0
,0,0.0
,0,0.0
,0,0.0
,0,0.0
,0,0.0
,0,0.0
,0,0.0
,0,0.0
,0,0.0
,0,0.0
,0,0.0
,0,0.0
,0,0.0
,0,0.0
,0,0.0
,0,0.0
,0,0.0
,0,0.0
,0,0.0
,0,0.0
,0,0.0
,0,0.0
,0,0.0
,0,0.0
,0,0.0
,0,0.0
,0,0.0
,0,0.0
,0,0.0
,0,0.0
,0,0.0
,0,0.0
,0,0.0
,0,0.0
,0,0.0
,0,0.0
,0,0.0
,0,0.0
,0,0.0
,0,0.0
,0,0.0
,0,0.0
,0,0.0
,0,0.0
,0,0.0
,0,0.0
,0,0.0
,0,0.0
,0,0.0
,0,0.0
,0,0.0
,0,0.0
,0,0.0
,0,0.0
,0,0.0
,0,0.0
,0,0.0
,0,0.0
,0,0.0
,0,0.0
,0,0.0
,0,0.0
,0,0.0
,0,0.0
,0,0.0
,0,0.0
,0,0.0
,0,0.0
,0,0.0
,0,0.0
,0,0.0
,0,0.0
,0,0.0
,0,0.0
,0,0.0
,0,0.0
,0,0.0
,0,0.0
,0,0.0
,0,0.0
,0,0.0
,0,0.0
,0,0.0
,0,0.0
,0,0.0
,0,0.0
,0,0.0
,0,0.0
,0,0.0
,0,0.0
,0,0.0
,0,0.0
,0,0.0
,0,0.0
,0,0.0
,0,0.0
,0,0.0
,0,0.0
,0,0.0
,0,0.0
,0,0.0
,0,0.0
,0,0.0
,0,0.0
,0,0.0
,0,0.0
,0,0.0
,0,0.0
,0,0.0
,0,0.0
,0,0.0
,0,0.0
,0,0.0
,0,0.0
,0,0.0
,0,0.0
,0,0.0
,0,0.0
,0,0.0
,0,0.0
,0,0.0
,0,0.0
,0,0.0
,0,0.0
,0,0.0
,0,0.0
,0,0.0
,0,0.0
,0,0.0
,0,0.0
,0,0.0
,0,0.0
,0,0.0
,0,0.0
,0,0.0
,0,0.0
,0,0.0
,0,0.0
,0,0.0
,0,0.0
,0,0.0
,0,0.0
,0,0.0
,0,0.0
,0,0.0
,0,0.0
,0,0.0
,0,0.0
,0,0.0
,0,0.0
,0,0.0
,0,0.0
,0,0.0
,0,0.0
,0,0.0
,0,0.0
,0,0.0
,0,0.0
,0,0.0
,0,0.0
,0,0.0
,0,0.0
,0,0.0
,0,0.0
,0,0.0
,0,0.0
,0,0.0
,0,0.0
,0,0.0
,0,0.0
,0,0.0
,0,0.0
,0,0.0
,0,0.0
,0,0.0
,0,0.0
,0,0.0
,0,0.0
,0,0.0
,0,0.0
,0,0.0
,0,0.0
,0,0.0
,0,0.0
,0,0.0
,0,0.0
,0,0.0
,0,0.0
,0,0.0
,0,0.0
,0,0.0
,0,0.0
,0,0.0
,0,0.0
,0,0.0
,0,0.0
,0,0.0
,0,0.0
,0,0.0
,0,0.0
,0,0.0
,0,0.0
,0,0.0
,0,0.0
,0,0.0
,0,0.0
,0,0.0
,0,0.0
,0,0.0
,0,0.0
,0,0.0
,0,0.0
,0,0.0
,0,0.0
,0,0.0
,0,0.0
,0,0.0
,0,0.0
,0,0.0
,0,0.0
,0,0.0
,0,0.0
,0,0.0
,0,0.0
,0,0.0
,0,0.0
,0,0.0
,0,0.0
,0,0.0
,0,0.0
,0,0.0
,0,0.0
,0,0.0
,0,0.0
,0,0.0
,0,0.0
,0,0.0
,0,0.0
,0,0.0
,0,0.0
,0,0.0
,0,0.0
,0,0.0
,0,0.0
,0,0.0
,0,0.0
,0,0.0
,0,0.0
,0,0.0
,0,0.0
,0,0.0
,0,0.0
,0,0.0
,0,0.0
,0,0.0
,0,0.0
,0,0.0
,0,0.0
,0,0.0
,0,0.0
,0,0.0
,0,0.0
,0,0.0
,0,0.0
,0,0.0
,0,0.0
,0,0.0
,0,0.0
,0,0.0
,0,0.0
,0,0.0
,0,0.0
,0,0.0
,0,0.0
,0,0.0
,0,0.0
,0,0.0
,0,0.0
,0,0.0
,0,0.0
,0,0.0
,0,0.0
,0,0.0
,0,0.0
,0,0.0
,0,0.0
,0,0.0
,0,0.0
277.42819792302623,0,0.0
281.1286087415336,1,0.0
276.58359272259753,0,0.0
,0,0.0
,0,0.0
,0,0.0
,0,0.0
,0,0.0
,0,0.0
,0,0.0
,0,0.0
,0,0.0
,0,0.0
,0,0.0
,0,0.0
,0,0.0
,0,0.0
,0,0.0
,0,0.0
,0,0.0
,0,0.0
,0,0.0
,0,0.0
,0,0.0
,0,0.0
,0,0.0
,0,0.0
,0,0.0
,0,0.0
,0,0.0
,0,0.0
,0,0.0
,0,0.0
,0,0.0
,0,0.0
,0,0.0
,0,0.0
,0,0.0
,0,0.0
,0,0.0
,0,0.0
,0,0.0
,0,0.0
,0,0.0
,0,0.0
,0,0.0
,0,0.0
,0,0.0
,0,0.0
,0,0.0
,0,0.0
,0,0.0
,0,0.0
,0,0.0
,0,0.0
,0,0.0
,0,0.0
,0,0.0
,0,0.0
,0,0.0
,0,0.0
,0,0.0
,0,0.0
,0,0.0
,0,0.0
,0,0.0
,0,0.0
,0,0.0
,0,0.0
,0,0.0
,0,0.0
,0,0.0
,0,0.0
,0,0.0
,0,0.0
,0,0.0
,0,0.0
,0,0.0
,0,0.0
,0,0.0
,0,0.0
,0,0.0
,0,0.0
,0,0.0
,0,0.0
,0,0.0
,0,0.0
,0,0.0
,0,0.0
,0,0.0
,0,0.0
,0,0.0
,0,0.0
,0,0.0
,0,0.0
,0,0.0
,0,0.0
,0,0.0
,0,0.0
,0,0.0
,0,0.0
,0,0.0
,0,0.0
,0,0.0
,0,0.0
,0,0.0
,0,0.0
,0,0.0
,0,0.0
,0,0.0
,0,0.0
,0,0.0
,0,0.0
,0,0.0
,0,0.0
,0,0.0
,0,0.0
,0,0.0
,0,0.0
,0,0.0
,0,0.0
,0,0.0
,0,0.0
,0,0.0
,0,0.0
,0,0.0
,0,0.0
,0,0.0
,0,0.0
,0,0.0
,0,0.0
,0,0.0
,0,0.0
,0,0.0
,0,0.0
,0,0.0
,0,0.0
,0,0.0
,0,0.0
,0,0.0
,0,0.0
,0,0.0
,0,0.0
,0,0.0
,0,0.0
,0,0.0
,0,0.0
,0,0.0
,0,0.0
,0,0.0
,0,0.0
,0,0.0
,0,0.0
,0,0.0
,0,0.0
,0,0.0
,0,0.0
,0,0.0
,0,0.0
,0,0.0
,0,0.0
,0,0.0
,0,0.0
511.59141018108784,0,0.45454545454545453
512.4327650640571,0,1.0
513.0542208888602,0,1.0
512.17488010778,0,1.0
511.2812633494461,0,1.0
512.3342616648171,0,0.0
513.2895267675954,0,0.0
511.83266779720924,0,0.0
511.64398125247186,0,0.0
513.0639754440384,0,0.0
513.5123668547523,0,0.0
510.2656827935271,0,0.0
512.4280549290717,0,0.0
513.0581493075874,0,0.0
513.9846703641521,0,0.0
511.2601660184231,0,0.0
,0,0.0
340.48852134601907,0,0.0
341.4490731282869,0,0.0
,0,0.0
,0,0.0
,0,0.0
,0,0.0
,0,0.0
,0,0.0
,0,0.0
,0,0.0
,0,0.0
,0,0.0
,0,0.0
511.8711113648622,0,0.0
512.297841287293,0,0.0
512.9983581849249,0,0.0
511.9384634039024,0,0.0
511.9001832371116,0,0.0
512.5839973535186,0,0.0
512.6973666388493,0,0.0
512.3403824060858,0,0.0
511.6430972011656,0,0.0
384.1449084901448,0,0.0
255.74001016522982,0,0.0
,0,0.0
,0,0.0
367.2149887871354,0,0.0
421.5414497019944,0,0.0
454.4578718272107,0,0.0
450.16067216712037,0,0.0
425.4673834923467,0,0.0
304.7578789913107,0,0.0
267.4171642998279,0,0.0
,0,0.0
,0,0.0
,0,0.0
,0,0.0
,0,0.0
,0,0.0
,0,0.0
,0,0.0
,0,0.0
,0,0.0
,0,0.0
,0,0.0
,0,0.0
,0,0.0
,0,0.0
281.5167968220293,0,0.0
278.02219236957035,0,0.0
348.60034351840966,0,0.0
,0,0.0
,0,0.0
,0,0.0
,0,0.0
