pitch,baby,mom
,0,0.0
,0,0.0
,0,0.0
,0,0.0
,0,0.0
,0,0.0
,0,0.0
,0,0.0
,0,0.0
,0,0.0
,0,0.0
,0,0.0
,0,0.0
,0,0.0
,0,0.0
,0,0.0
,0,0.0
,0,0.0
,0,0.0
,0,0.0
,0,0.0
,0,0.0
,0,0.0
,0,0.0
,0,0.0
,0,0.0
,0,0.0
,0,0.0
,0,0.0
,0,0.0
,0,0.0
,0,0.0
,0,0.0
,0,0.0
,0,0.0
,0,0.0
,0,0.0
,0,0.0
,0,0.0
,0,0.0
,0,0.0
,0,0.0
,0,0.0
,0,0.0
,0,0.0
,0,0.0
,0,0.0
,0,0.0
,0,0.0
,0,0.0
,0,0.0
,0,0.0
,0,0.0
,0,0.0
532.9102736736313,0,0.0
539.3573701301158,0,0.0
,0,0.0
,0,0.0
,0,0.0
,0,0.0
,0,0.0
,0,0.0
,0,0.0
,0,0.0
,0,0.0
,0,0.0
,0,0.0
,0,0.0
,0,0.0
,0,0.0
,0,0.0
,0,0.0
,0,0.0
,0,0.0
,0,0.0
,0,0.0
,0,0.0
,0,0.0
,0,0.0
,0,0.0
,0,0.0
,0,0.0
,0,0.0
370.70231232131164,0,0.0
374.041888421379,0,0.0
,0,0.0
,0,0.0
372.05600486322106,0,0.0
384.58888703674967,0,0.0
,0,0.0
,0,0.0
,0,0.0
,0,0.0
,0,0.0
,0,0.0
,0,0.0
,0,0.0
,0,0.0
,0,0.0
,0,0.0
,0,0.0
,0,0.0
,0,0.0
,0,0.0
,0,0.0
,0,0.0
,0,0.0
,0,0.0
,0,0.0
,0,0.0
,0,0.0
,0,0.0
,0,0.0
,0,0.0
,0,0.0
,0,0.0
,0,0.0
,0,0.0
,0,0.0
251.64764224238024,0,0.0
,0,0.0
,0,0.0
329.6705670136008,0,0.0
,0,0.0
,0,0.0
,0,0.0
,0,0.0
,0,0.0
,0,0.0
,0,0.0
,0,0.0
,0,0.0
,0,0.0
,0,0.0
,0,0.0
,0,0.0
,0,0.0
258.369891053188,0,0.0
,0,0.0
,0,0.0
,0,0.0
,0,0.0
,0,0.0
,0,0.0
,0,0.0
316.8642373102968,0,0.0
371.28494882050416,0,0.0
486.5887376839553,0,0.0
512.1090610453401,0,0.0
,0,0.0
267.4248167085747,0,0.0
286.8253264191096,0,0.0
292.5482089080164,0,0.0
293.5801783875186,0,0.0
290.7999303085296,0,0.0
288.1034308517149,0,0.0
,0,0.0
,0,0.0
,0,0.0
,0,0.0
,0,0.0
510.7230450383176,0,0.0
512.3995641595246,0,0.0
513.3465236327922,0,0.0
512.5544700814404,0,0.0
513.6185420723533,0,0.0
513.075416951304,0,0.0
512.982095843068,0,0.0
520.3121770728131,0,0.0
,0,0.0
,0,0.0
,0,0.0
,0,0.0
,0,0.0
,0,0.0
,0,0.0
,0,0.0
,0,0.0
,0,0.0
,0,0.0
,0,0.0
,0,0.0
,0,0.0
,0,0.0
,0,0.0
,0,0.0
,0,0.0
,0,0.0
,0,0.0
,0,0.0
,0,0.0
,0,0.0
,0,0.0
,0,0.0
,0,0.0
,0,0.0
,0,0.0
,0,0.0
,0,0.0
,0,0.0
,0,0.0
,0,0.0
,0,0.0
,0,0.0
,0,0.0
,0,0.0
,0,0.0
,0,0.0
,0,0.0
,0,0.0
,0,0.0
,0,0.0
,0,0.0
,0,0.0
,0,0.0
,0,0.0
,0,0.0
,0,0.0
,0,0.0
,0,0.0
,0,0.0
,0,0.0
,0,0.0
,0,0.0
,0,0.0
,0,0.0
,0,0.0
,0,0.0
,0,0.0
,0,0.0
,0,0.0
,0,0.0
,0,0.0
,0,0.0
,0,0.0
,0,0.0
,0,0.0
,0,0.0
,0,0.0
,0,0.0
,0,0.0
,0,0.0
,0,0.0
,0,0.0
,0,0.0
,0,0.0
,0,0.0
,0,0.0
,0,0.0
,0,0.0
,0,0.0
,0,0.0
,0,0.0
,0,0.0
,0,0.0
,0,0.0
,0,0.0
,0,0.0
,0,0.0
,0,0.0
,0,0.0
,0,0.0
,0,0.0
,0,0.0
,0,0.0
,0,0.0
,0,0.0
,0,0.0
,0,0.0
,0,0.0
,0,0.0
,0,0.0
,0,0.0
,0,0.0
,0,0.0
,0,0.0
,0,0.0
,0,0.0
,0,0.0
,0,0.0
,0,0.0
,0,0.0
,0,0.0
,0,0.0
,0,0.0
,0,0.0
,0,0.0
,0,0.0
,0,0.0
,0,0.0
,0,0.0
,0,0.0
,0,0.0
,0,0.0
,0,0.0
,0,0.0
,0,0.0
,0,0.0
,0,0.0
,0,0.0
,0,0.0
,0,0.0
,0,0.0
,0,0.0
,0,0.0
,0,0.0
,0,0.0
,0,0.0
,0,0.0
,0,0.0
,0,0.0
,0,0.0
,0,0.0
,0,0.0
,0,0.0
,0,0.0
,0,0.0
,0,0.0
,0,0.0
,0,0.0
,0,0.0
,0,0.0
,0,0.0
,0,0.0
,0,0.0
,0,0.0
,0,0.0
,0,0.0
,0,0.0
,0,0.0
,0,0.0
,0,0.0
,0,0.0
,0,0.0
,0,0.0
,0,0.0
,0,0.0
,0,0.0
,0,0.0
,0,0.0
,0,0.0
,0,0.0
,0,0.0
,0,0.0
,0,0.0
,0,0.0
,0,0.0
,0,0.0
,0,0.0
,0,0.0
,0,0.0
,0,0.0
,0,0.0
,0,0.0
,0,0.0
,0,0.0
,0,0.0
,0,0.0
,0,0.0
,0,0.0
,0,0.0
,0,0.0
,0,0.0
,0,0.0
,0,0.0
,0,0.0
,0,0.0
,0,0.0
,0,0.0
,0,0.0
,0,0.0
,0,0.0
,0,0.0
,0,0.0
,0,0.0
,0,0.0
,0,0.0
,0,0.0
,0,0.0
,0,0.0
,0,0.0
,0,0.0
,0,0.0
,0,0.0
,0,0.0
,0,0.0
,0,0.0
,0,0.0
,0,0.0
,0,0.0
,0,0.0
,0,0.0
,0,0.0
,0,0.0
,0,0.0
,0,0.0
,0,0.0
,0,0.0
,0,0.0
,0,0.0
,0,0.0
,0,0.0
,0,0.0
,0,0.0
,0,0.0
,0,0.0
,0,0.0
,0,0.0
,0,0.0
,0,0.0
,0,0.0
,0,0.0
,0,0.0
,0,0.0
,0,0.0
,0,0.0
,0,0.0
,0,0.0
,0,0.0
,0,0.0
,0,0.0
,0,0.0
,0,0.0
,0,0.0
,0,0.0
,0,0.0
,0,0.0
,0,0.0
,0,0.0
,0,0.0
,0,0.0
,0,0.0
,0,0.0
,0,0.0
,0,0.0
,0,0.0
,0,0.0
,0,0.0
,0,0.0
,0,0.0
,0,0.0
,0,0.0
,0,0.0
,0,0.0
,0,0.0
,0,0.0
,0,0.0
,0,0.0
,0,0.0
,0,0.0
,0,0.0
,0,0.0
,0,0.0
,0,0.0
,0,0.0
,0,0.0
,0,0.0
,0,0.0
,0,0.0
,0,0.0
,0,0.0
,0,0.0
,0,0.0
,0,0.0
,0,0.0
,0,0.0
,0,0.0
,0,0.0
,0,0.0
,0,0.0
,0,0.0
,0,0.0
,0,0.0
,0,0.0
,0,0.0
,0,0.0
,0,0.0
,0,0.0
,0,0.0
,0,0.0
,0,0.0
,0,0.0
,0,0.0
,0,0.0
,0,0.0
,0,0.0
,0,0.0
,0,0.0
,0,0.0
,0,0.0
,0,0.0
,0,0.0
,0,0.0
,0,0.0
,0,0.0
,0,0.0
,0,0.0
,0,0.0
,0,0.0
,0,0.0
,0,0.0
,0,0.0
,0,0.0
,0,0.0
,0,0.0
,0,0.0
,0,0.0
,0,0.0
,0,0.0
,0,0.0
,0,0.0
250.74982645888727,0,0.18181818181818182
256.44705954455765,0,0.9090909090909091
260.2652534496933,0,0.36363636363636365
263.9984181366088,0,1.0
299.10048306814707,0,1.0
305.1371694213425,0,1.0
315.45988571186297,0,1.0
315.1983635995571,0,1.0
315.3828328044934,0,1.0
320.72562109093974,0,0.9090909090909091
,0,0.0
,0,0.0
,0,0.0
,0,0.0
,0,0.0
,0,0.0
,0,0.0
,0,0.0
,0,0.0
,0,0.0
,0,0.0
,0,0.0
,0,0.0
,0,0.0
,0,0.0
,0,0.0
,0,0.0
,0,0.0
,0,0.0
,0,0.0
,0,0.0
,0,0.0
,0,0.0
,0,0.0
,0,0.0
,0,0.0
,0,0.0
,0,0.0
,0,0.0
,0,0.0
,0,0.0
,0,0.0
,0,0.0
,0,0.0
,0,0.0
,0,0.0
,0,0.0
,0,0.0
,0,0.0
,0,0.0
,0,0.0
,0,0.0
,0,0.0
,0,0.0
,0,0.0
,0,0.0
,0,0.0
,0,0.0
,0,0.0
,0,0.0
,0,0.0
,0,0.0
,0,0.0
,0,0.0
,0,0.0
,0,0.0
,0,0.0
,0,0.0
,0,0.0
,0,0.0
,0,0.0
,0,0.0
,0,0.0
,0,0.0
,0,0.0
,0,0.0
,0,0.0
,0,0.0
,0,0.0
,0,0.0
,0,0.0
,0,0.0
,0,0.0
,0,0.0
,0,0.0
,0,0.0
,0,0.0
,0,0.0
,0,0.0
,0,0.0
,0,0.0
,0,0.0
,0,0.0
,0,0.0
,0,0.0
,0,0.0
,0,0.0
,0,0.0
,0,0.0
,0,0.0
,0,0.0
,0,0.0
,0,0.0
,0,0.0
,0,0.0
,0,0.0
,0,0.0
,0,0.0
,0,0.0
,0,0.0
,0,0.0
,0,0.0
,0,0.0
,0,0.0
,0,0.0
,0,0.0
,0,0.0
,0,0.0
,0,0.0
,0,0.0
,0,0.0
,0,0.0
,0,0.0
,0,0.0
,0,0.0
,0,0.0
,0,0.0
,0,0.0
,0,0.0
,0,0.0
,0,0.0
,0,0.0
,0,0.0
,0,0.0
,0,0.0
,0,0.0
,0,0.0
,0,0.0
,0,0.0
,0,0.0
,0,0.0
,0,0.0
,0,0.0
,0,0.0
,0,0.0
,0,0.0
,0,0.0
,0,0.0
,0,0.0
,0,0.0
,0,0.0
,0,0.0
,0,0.0
,0,0.0
,0,0.0
,0,0.0
,0,0.0
,0,0.0
,0,0.0
,0,0.0
,0,0.0
,0,0.0
,0,0.0
,0,0.0
,0,0.0
,0,0.0
,0,0.0
,0,0.0
,0,0.0
,0,0.0
,0,0.0
,0,0.0
,0,0.0
,0,0.0
,0,0.0
,0,0.0
,0,0.0
,0,0.0
,0,0.0
,0,0.0
,0,0.0
,0,0.0
,0,0.0
,0,0.0
,0,0.0
,0,0.0
,0,0.0
,0,0.0
,0,0.0
,0,0.0
,0,0.0
,0,0.0
,0,0.0
,0,0.0
,0,0.0
,0,0.0
,0,0.0
,0,0.0
,0,0.0
,0,0.0
,0,0.0
,0,0.0
,0,0.0
,0,0.0
,0,0.0
,0,0.0
,0,0.0
,0,0.0
,0,0.0
,0,0.0
,0,0.0
,0,0.0
,0,0.0
,0,0.0
,0,0.0
,0,0.0
,0,0.0
,0,0.0
,0,0.0
,0,0.0
,0,0.0
,0,0.0
,0,0.0
,0,0.0
,0,0.0
,0,0.0
,0,0.0
,0,0.0
,0,0.0
,0,0.0
,0,0.0
,0,0.0
,0,0.0
,0,0.0
,0,0.0
,0,0.0
,0,0.0
,0,0.0
,0,0.0
,0,0.0
,0,0.0
,0,0.0
,0,0.0
,0,0.0
,0,0.0
,0,0.0
,0,0.0
,0,0.0
,0,0.0
,0,0.0
,0,0.0
,0,0.0
,0,0.0
,0,0.0
,0,0.0
,0,0.0
,0,0.0
,0,0.0
,0,0.0
,0,0.0
,0,0.0
,0,0.0
,0,0.0
,0,0.0
,0,0.0
,0,0.0
,0,0.0
,0,0.0
,0,0.0
,0,0.0
,0,0.0
,0,0.0
,0,0.0
,0,0.0
,0,0.0
,0,0.0
,0,0.0
,0,0.0
,0,0.0
,0,0.0
,0,0.0
,0,0.0
,0,0.0
,0,0.0
,0,0.0
,0,0.0
,0,0.0
,0,0.0
,0,0.0
,0,0.0
,0,0.0
,0,0.0
,0,0.0
,0,0.0
,0,0.0
,0,0.0
,0,0.0
,0,0.0
,0,0.0
,0,0.0
,0,0.0
,0,0.0
,0,0.0
,0,0.0
,0,0.0
,0,0.0
,0,0.0
,0,0.0
,0,0.0
,0,0.0
,0,0.0
,0,0.0
,0,0.0
,0,0.0
,0,0.0
,0,0.0
,0,0.0
,0,0.0
,0,0.0
,0,0.0
,0,0.0
,0,0.0
,0,0.0
,0,0.0
,0,0.0
,0,0.0
,0,0.0
,0,0.0
,0,0.0
,0,0.0
,0,0.0
,0,0.0
,0,0.0
,0,0.0
,0,0.0
,0,0.0
,0,0.0
,0,0.0
,0,0.0
,0,0.0
,0,0.0
,0,0.0
,0,0.0
,0,0.0
,0,0.0
,0,0.0
,0,0.0
,0,0.0
,0,0.0
,0,0.0
,0,0.0
,0,0.0
,0,0.0
,0,0.0
,0,0.0
,0,0.0
,0,0.0
,0,0.0
,0,0.0
,0,0.0
,0,0.0
,0,0.0
,0,0.0
,0,0.0
,0,0.0
,0,0.0
,0,0.0
,0,0.0
,0,0.0
,0,0.0
,0,0.0
,0,0.0
,0,0.0
,0,0.0
,0,0.0
,0,0.0
,0,0.0
,0,0.0
,0,0.0
,0,0.0
,0,0.0
,0,0.0
,0,0.0
,0,0.0
,0,0.0
,0,0.0
,0,0.0
,0,0.0
,0,0.0
,0,0.0
,0,0.0
,0,0.0
,0,0.0
,0,0.0
,0,0.0
,0,0.0
,0,0.0
,0,0.0
,0,0.0
,0,0.0
,0,0.0
,0,0.0
,0,0.0
,0,0.0
,0,0.0
,0,0.0
,0,0.0
,0,0.0
,0,0.0
,0,0.0
,0,0.0
,0,0.0
,0,0.0
,0,0.0
,0,0.0
,0,0.0
,0,0.0
,0,0.0
,0,0.0
,0,0.0
,0,0.0
,0,0.0
,0,0.0
,0,0.0
,0,0.0
,0,0.0
,0,0.0
,0,0.0
,0,0.0
,0,0.0
,0,0.0
,0,0.0
,0,0.0
,0,0.0
,0,0.0
,0,0.0
,0,0.0
,0,0.0
,0,0.0
,0,0.0
,0,0.0
,0,0.0
,0,0.0
,0,0.0
,0,0.0
,0,0.0
,0,0.0
,0,0.0
,0,0.0
,0,0.0
,0,0.0
,0,0.0
,0,0.0
,0,0.0
,0,0.0
,0,0.0
,0,0.0
,0,0.0
,0,0.0
,0,0.0
,0,0.0
,0,0.0
,0,0.0
,0,0.0
,0,0.0
,0,0.0
,0,0.0
,0,0.0
,0,0.0
,0,0.0
,0,0.0
,0,0.0
,0,0.0
,0,0.0
,0,0.0
,0,0.0
,0,0.0
,0,0.0
,0,0.0
,0,0.0
,0,0.0
,0,0.0
,0,0.0
,0,0.0
,0,0.0
,0,0.0
,0,0.0
,0,0.0
,0,0.0
,0,0.0
,0,0.0
,0,0.0
,0,0.0
,0,0.0
,0,0.0
,0,0.0
,0,0.0
,0,0.0
,0,0.0
,0,0.0
,0,0.0
,0,0.0
,0,0.0
,0,0.0
,0,0.0
,0,0.0
,0,0.0
,0,0.0
,0,0.0
,0,0.0
,0,0.0
,0,0.0
,0,0.0
,0,0.0
,0,0.0
,0,0.0
,0,0.0
,0,0.0
,0,0.0
,0,0.0
,0,0.0
,0,0.0
,0,0.0
,0,0.0
,0,0.0
,0,0.0
,0,0.0
,0,0.0
,0,0.0
,0,0.0
,0,0.0
,0,0.0
,0,0.0
,0,0.0
,0,0.0
,0,0.0
,0,0.0
,0,0.0
,0,0.0
,0,0.0
,0,0.0
,0,0.0
,0,0.0
,0,0.0
,0,0.0
,0,0.0
,0,0.0
,0,0.0
,0,0.0
,0,0.0
,0,0.0
,0,0.0
,0,0.0
,0,0.0
,0,0.0
,0,0.0
,0,0.0
,0,0.0
,0,0.0
,0,0.0
,0,0.0
,0,0.0
,0,0.0
,0,0.0
,0,0.0
,0,0.0
,0,0.0
,0,0.0
,0,0.0
,0,0.0
,0,0.0
,0,0.0
,0,0.0
,0,0.0
,0,0.0
,0,0.0
,0,0.0
,0,0.0
,0,0.0
,0,0.0
,0,0.0
,0,0.0
,0,0.0
,0,0.0
,0,0.0
,0,0.0
,0,0.0
,0,0.0
,0,0.0
,0,0.0
,0,0.0
,0,0.0
,0,0.0
,0,0.0
,0,0.0
,0,0.0
,0,0.0
,0,0.0
,0,0.0
,0,0.0
,0,0.0
,0,0.0
,0,0.0
,0,0.0
,0,0.0
,0,0.0
,0,0.0
,0,0.0
,0,0.0
,0,0.0
,0,0.0
,0,0.0
,0,0.0
,0,0.0
,0,0.0
,0,0.0
,0,0.0
,0,0.0
,0,0.0
,0,0.0
,0,0.0
,0,0.0
,0,0.0
,0,0.0
,0,0.0
,0,0.0
,0,0.0
,0,0.0
,0,0.0
,0,0.0
,0,0.0
,0,0.0
,0,0.0
,0,0.0
,0,0.0
,0,0.0
,0,0.0
,0,0.0
,0,0.0
,0,0.0
,0,0.0
,0,0.0
,0,0.0
,0,0.0
,0,0.0
,0,0.0
,0,0.0
,0,0.0
,0,0.0
,0,0.0
,0,0.0
,0,0.0
,0,0.0
,0,0.0
,0,0.0
,0,0.0
,0,0.0
,0,0.0
,0,0.0
,0,0.0
,0,0.0
,0,0.0
,0,0.0
,0,0.0
,0,0.0
,0,0.0
,0,0.0
,0,0.0
,0,0.0
,0,0.0
,0,0.0
,0,0.0
,0,0.0
,0,0.0
,0,0.0
,0,0.0
,0,0.0
,0,0.0
,0,0.0
,0,0.0
,0,0.0
,0,0.0
,0,0.0
,0,0.0
,0,0.0
,0,0.0
,0,0.0
,0,0.0
,0,0.0
,0,0.0
,0,0.0
,0,0.0
,0,0.0
,0,0.0
,0,0.0
,0,0.0
,0,0.0
,0,0.0
,0,0.0
,0,0.0
,0,0.0
,0,0.0
,0,0.0
,0,0.0
,0,0.0
,0,0.0
,0,0.0
,0,0.0
,0,0.0
,0,0.0
,0,0.0
,0,0.0
,0,0.0
,0,0.0
,0,0.0
,0,0.0
,0,0.0
,0,0.0
,0,0.0
,0,0.0
,0,0.0
,0,0.0
,0,0.0
,0,0.0
,0,0.0
,0,0.0
,0,0.0
,0,0.0
,0,0.0
,0,0.0
,0,0.0
,0,0.0
,0,0.0
,0,0.0
,0,0.0
,0,0.0
,0,0.0
,0,0.0
,0,0.0
,0,0.0
,0,0.0
,0,0.0
,0,0.0
,0,0.0
,0,0.0
,0,0.0
,0,0.0
,0,0.0
,0,0.0
,0,0.0
,0,0.0
,0,0.0
,0,0.0
,0,0.0
,0,0.0
,0,0.0
,0,0.0
,0,0.0
,0,0.0
,0,0.0
,0,0.0
,0,0.0
,0,0.0
,0,0.0
,0,0.0
,0,0.0
,0,0.0
,0,0.0
,0,0.0
,0,0.0
,0,0.0
,0,0.0
,0,0.0
,0,0.0
,0,0.0
,0,0.0
,0,0.0
,0,0.0
,0,0.0
,0,0.0
,0,0.0
,0,0.0
,0,0.0
,0,0.0
,0,0.0
,0,0.0
,0,0.0
,0,0.0
,0,0.0
,0,0.0
,0,0.0
,0,0.0
,0,0.0
,0,0.0
,0,0.0
,0,0.0
,0,0.0
,0,0.0
,0,0.0
,0,0.0
,0,0.0
,0,0.0
,0,0.0
,0,0.0
,0,0.0
,0,0.0
,0,0.0
,0,0.0
,0,0.0
,0,0.0
,0,0.0
,0,0.0
,0,0.0
,0,0.0
,0,0.0
,0,0.0
,0,0.0
,0,0.0
,0,0.0
,0,0.0
,0,0.0
,0,0.0
,0,0.0
,0,0.0
,0,0.0
,0,0.0
,0,0.0
,0,0.0
,0,0.0
,0,0.0
,0,0.0
,0,0.0
,0,0.0
,0,0.0
,0,0.0
,0,0.0
,0,0.0
,0,0.0
,0,0.0
,0,0.0
,0,0.0
,0,0.0
,0,0.0
,0,0.0
,0,0.0
,0,0.0
,0,0.0
,0,0.0
,0,0.0
,0,0.0
,0,0.0
,0,0.0
,0,0.0
,0,0.0
,0,0.0
,0,0.0
,0,0.0
,0,0.0
,0,0.0
,0,0.0
,0,0.0
,0,0.0
,0,0.0
,0,0.0
,0,0.0
,0,0.0
,0,0.0
,0,0.0
,0,0.0
,0,0.0
,0,0.0
,0,0.0
,0,0.0
,0,0.0
,0,0.0
,0,0.0
,0,0.0
,0,0.0
,0,0.0
,0,0.0
,0,0.0
,0,0.0
,0,0.0
,0,0.0
,0,0.0
,0,0.0
,0,0.0
,0,0.0
,0,0.0
,0,0.0
,0,0.0
,0,0.0
,0,0.0
,0,0.0
,0,0.0
,0,0.0
,0,0.0
,0,0.0
,0,0.0
,0,0.0
,0,0.0
,0,0.0
,0,0.0
,0,0.0
,0,0.0
,0,0.0
,0,0.0
,0,0.0
,0,0.0
,0,0.0
,0,0.0
,0,0.0
,0,0.0
,0,0.0
,0,0.0
,0,0.0
,0,0.0
,0,0.0
,0,0.0
,0,0.0
,0,0.0
,0,0.0
,0,0.0
,0,0.0
,0,0.0
,0,0.0
,0,0.0
,0,0.0
,0,0.0
,0,0.0
,0,0.0
,0,0.0
,0,0.0
,0,0.0
,0,0.0
,0,0.0
,0,0.0
,0,0.0
,0,0.0
,0,0.0
,0,0.0
,0,0.0
,0,0.0
,0,0.0
,0,0.0
,0,0.0
,0,0.0
,0,0.0
,0,0.0
,0,0.0
,0,0.0
,0,0.0
,0,0.0
,0,0.0
,0,0.0
,0,0.0
,0,0.0
,0,0.0
,0,0.0
,0,0.0
,0,0.0
,0,0.0
,0,0.0
,0,0.0
,0,0.0
,0,0.0
,0,0.0
,0,0.0
,0,0.0
,0,0.0
,0,0.0
,0,0.0
,0,0.0
,0,0.0
,0,0.0
,0,0.0
,0,0.0
,0,0.0
,0,0.0
,0,0.0
,0,0.0
,0,0.0
,0,0.0
,0,0.0
,0,0.0
,0,0.0
,0,0.0
,0,0.0
,0,0.0
,0,0.0
,0,0.0
,0,0.0
,0,0.0
,0,0.0
,0,0.0
,0,0.0
,0,0.0
,0,0.0
,0,0.0
,0,0.0
,0,0.0
,0,0.0
,0,0.0
,0,0.0
,0,0.0
,0,0.0
,0,0.0
,0,0.0
,0,0.0
,0,0.0
,0,0.0
,0,0.0
,0,0.0
,0,0.0
,0,0.0
,0,0.0
,0,0.0
,0,0.0
,0,0.0
,0,0.0
,0,0.0
,0,0.0
,0,0.0
,0,0.0
,0,0.0
,0,0.0
,0,0.0
,0,0.0
,0,0.0
,0,0.0
,0,0.0
,0,0.0
,0,0.0
,0,0.0
,0,0.0
,0,0.0
,0,0.0
,0,0.0
,0,0.0
,0,0.0
,0,0.0
,0,0.0
,0,0.0
,0,0.0
,0,0.0
,0,0.0
,0,0.0
,0,0.0
,0,0.0
,0,0.0
,0,0.0
,0,0.0
,0,0.0
,0,0.0
,0,0.0
,0,0.0
,0,0.0
,0,0.0
,0,0.0
,0,0.0
,0,0.0
,0,0.0
,0,0.0
,0,0.0
,0,0.0
,0,0.0
,0,0.0
,0,0.0
,0,0.0
,0,0.0
,0,0.0
,0,0.0
,0,0.0
,0,0.0
,0,0.0
,0,0.0
,0,0.0
,0,0.0
,0,0.0
,0,0.0
,0,0.0
,0,0.0
,0,0.0
,0,0.0
,0,0.0
,0,0.0
,0,0.0
,0,0.0
,0,0.0
,0,0.0
,0,0.0
,0,0.0
,0,0.0
,0,0.0
,0,0.0
,0,0.0
,0,0.0
,0,0.0
,0,0.0
,0,0.0
,0,0.0
,0,0.0
,0,0.0
,0,0.0
,0,0.0
,0,0.0
,0,0.0
,0,0.0
,0,0.0
,0,0.0
,0,0.0
,0,0.0
,0,0.0
,0,0.0
,0,0.0
,0,0.0
,0,0.0
,0,0.0
,0,0.0
,0,0.0
,0,0.0
,0,0.0
,0,0.0
,0,0.0
,0,0.0
,0,0.0
,0,0.0
,0,0.0
,0,0.0
,0,0.0
,0,0.0
,0,0.0
,0,0.0
,0,0.0
,0,0.0
,0,0.0
,0,0.0
,0,0.0
,0,0.0
,0,0.0
,0,0.0
,0,0.0
,0,0.0
,0,0.0
,0,0.0
,0,0.0
,0,0.0
,0,0.0
,0,0.0
,0,0.0
,0,0.0
,0,0.0
,0,0.0
,0,0.0
,0,0.0
,0,0.0
,0,0.0
,0,0.0
,0,0.0
,0,0.0
,0,0.0
,0,0.0
,0,0.0
,0,0.0
,0,0.0
,0,0.0
,0,0.0
,0,0.0
,0,0.0
,0,0.0
,0,0.0
,0,0.0
,0,0.0
,0,0.0
,0,0.0
,0,0.0
,0,0.0
,0,0.0
,0,0.0
,0,0.0
,0,0.0
,0,0.0
,0,0.0
,0,0.0
,0,0.0
,0,0.0
,0,0.0
,0,0.0
,0,0.0
,0,0.0
,0,0.0
,0,0.0
,0,0.0
,0,0.0
,0,0.0
,0,0.0
,0,0.0
,0,0.0
,0,0.0
,0,0.0
,0,0.0
,0,0.0
,0,0.0
,0,0.0
,0,0.0
,0,0.0
,0,0.0
,0,0.0
,0,0.0
,0,0.0
,0,0.0
,0,0.0
,0,0.0
,0,0.0
,0,0.0
,0,0.0
,0,0.0
,0,0.0
,0,0.0
,0,0.0
,0,0.0
,0,0.0
,0,0.0
,0,0.0
,0,0.0
,0,0.0
,0,0.0
,0,0.0
,0,0.0
,0,0.0
,0,0.0
,0,0.0
,0,0.0
,0,0.0
,0,0.0
,0,0.0
,0,0.0
,0,0.0
,0,0.0
,0,0.0
,0,0.0
,0,0.0
,0,0.0
,0,0.0
,0,0.0
,0,0.0
,0,0.0
,0,0.0
,0,0.0
,0,0.0
,0,0.0
,0,0.0
,0,0.0
,0,0.0
,0,0.0
,0,0.0
,0,0.0
,0,0.0
,0,0.0
,0,0.0
,0,0.0
,0,0.0
,0,0.0
,0,0.0
,0,0.0
,0,0.0
,0,0.0
,0,0.0
,0,0.0
,0,0.0
,0,0.0
,0,0.0
,0,0.0
,0,0.0
,0,0.0
,0,0.0
,0,0.0
,0,0.0
,0,0.0
,0,0.0
,0,0.0
,0,0.0
,0,0.0
,0,0.0
,0,0.0
,0,0.0
,0,0.0
,0,0.0
,0,0.0
,0,0.0
,0,0.0
,0,0.0
,0,0.0
,0,0.0
,0,0.0
,0,0.0
,0,0.0
,0,0.0
,0,0.0
,0,0.0
,0,0.0
,0,0.0
,0,0.0
,0,0.0
,0,0.0
,0,0.0
,0,0.0
,0,0.0
,0,0.0
,0,0.0
,0,0.0
,0,0.0
,0,0.0
,0,0.0
,0,0.0
,0,0.0
,0,0.0
,0,0.0
,0,0.0
,0,0.0
,0,0.0
,0,0.0
,0,0.0
,0,0.0
,0,0.0
,0,0.0
,0,0.0
,0,0.0
,0,0.0
,0,0.0
,0,0.0
,0,0.0
,0,0.0
,0,0.0
,0,0.0
,0,0.0
,0,0.0
,0,0.0
,0,0.0
,0,0.0
,0,0.0
,0,0.0
,0,0.0
,0,0.0
,0,0.0
,0,0.0
,0,0.0
,0,0.0
,0,0.0
,0,0.0
,0,0.0
,0,0.0
,0,0.0
,0,0.0
,0,0.0
,0,0.0
,0,0.0
,0,0.0
,0,0.0
,0,0.0
,0,0.0
,0,0.0
,0,0.0
,0,0.0
,0,0.0
,0,0.0
,0,0.0
,0,0.0
,0,0.0
,0,0.0
,0,0.0
,0,0.0
,0,0.0
,0,0.0
,0,0.0
,0,0.0
,0,0.0
,0,0.0
,0,0.0
,0,0.0
,0,0.0
,0,0.0
,0,0.0
,0,0.0
,0,0.0
,0,0.0
,0,0.0
,0,0.0
,0,0.0
,0,0.0
,0,0.0
,0,0.0
,0,0.0
,0,0.0
,0,0.0
,0,0.0
,0,0.0
,0,0.0
,0,0.0
,0,0.0
,0,0.0
,0,0.0
,0,0.0
,0,0.0
,0,0.0
,0,0.0
,0,0.0
,0,0.0
,0,0.0
257.94123557806887,0,0.2727272727272727
,0,0.0
,0,0.0
,0,0.0
,0,0.0
,0,0.0
,0,0.0
,0,0.0
,0,0.0
,0,0.0
,0,0.0
,0,0.0
,0,0.0
,0,0.0
,0,0.0
,0,0.0
,0,0.0
,0,0.0
,0,0.0
,0,0.0
,0,0.0
,0,0.0
,0,0.0
,0,0.0
,0,0.0
,0,0.0
,0,0.0
,0,0.0
,0,0.0
,0,0.0
,0,0.0
,0,0.0
,0,0.0
,0,0.0
,0,0.0
,0,0.0
255.1984657563646,0,0.4166666666666667
250.99396567219156,0,1.0
258.4397818239012,0,1.0
255.71649549035087,0,0.5454545454545454
,0,0.0
,0,0.0
,0,0.0
,0,0.0
,0,0.0
,0,0.0
,0,0.0
,0,0.0
,0,0.0
,0,0.0
,0,0.0
,0,0.0
,0,0.0
,0,0.0
,0,0.0
,0,0.0
,0,0.0
,0,0.0
,0,0.0
,0,0.0
,0,0.0
,0,0.0
,0,0.0
,0,0.0
,0,0.0
,0,0.0
,0,0.0
,0,0.0
,0,0.0
,0,0.0
,0,0.0
,0,0.0
,0,0.0
,0,0.0
,0,0.0
,0,0.0
,0,0.0
,0,0.0
,0,0.0
,0,0.0
,0,0.0
,0,0.0
,0,0.0
,0,0.0
,0,0.0
,0,0.0
,0,0.0
,0,0.0
,0,0.0
,0,0.0
,0,0.0
,0,0.0
,0,0.0
,0,0.0
,0,0.0
,0,0.0
,0,0.0
,0,0.0
,0,0.0
,0,0.0
,0,0.0
,0,0.0
,0,0.0
,0,0.0
,0,0.0
,0,0.0
,0,0.0
,0,0.0
,0,0.0
,0,0.0
,0,0.0
,0,0.0
,0,0.0
,0,0.0
,0,0.0
,0,0.0
,0,0.0
,0,0.0
,0,0.0
,0,0.0
,0,0.0
,0,0.0
,0,0.0
,0,0.0
,0,0.0
,0,0.0
,0,0.0
,0,0.0
,0,0.0
,0,0.0
,0,0.0
,0,0.0
,0,0.0
,0,0.0
,0,0.0
,0,0.0
,0,0.0
,0,0.0
,0,0.0
,0,0.0
,0,0.0
,0,0.0
,0,0.0
,0,0.0
,0,0.0
,0,0.0
,0,0.0
,0,0.0
,0,0.0
,0,0.0
,0,0.0
,0,0.0
,0,0.0
,0,0.0
,0,0.0
,0,0.0
,0,0.0
,0,0.0
,0,0.0
,0,0.0
,0,0.0
,0,0.0
,0,0.0
,0,0.0
,0,0.0
,0,0.0
,0,0.0
,0,0.0
,0,0.0
,0,0.0
,0,0.0
,0,0.0
,0,0.0
,0,0.0
,0,0.0
,0,0.0
,0,0.0
,0,0.0
,0,0.0
,0,0.0
,0,0.0
,0,0.0
,0,0.0
,0,0.0
,0,0.0
,0,0.0
,0,0.0
,0,0.0
,0,0.0
,0,0.0
,0,0.0
,0,0.0
,0,0.0
,0,0.0
,0,0.0
,0,0.0
,0,0.0
,0,0.0
,0,0.0
,0,0.0
,0,0.0
,0,0.0
,0,0.0
,0,0.0
,0,0.0
,0,0.0
,0,0.0
,0,0.0
,0,0.0
,0,0.0
,0,0.0
,0,0.0
,0,0.0
,0,0.0
,0,0.0
,0,0.0
,0,0.0
,0,0.0
,0,0.0
,0,0.0
,0,0.0
,0,0.0
,0,0.0
,0,0.0
,0,0.0
,0,0.0
,0,0.0
,0,0.0
,0,0.0
,0,0.0
,0,0.0
,0,0.0
,0,0.0
,0,0.0
,0,0.0
,0,0.0
,0,0.0
,0,0.0
,0,0.0
,0,0.0
,0,0.0
,0,0.0
,0,0.0
,0,0.0
,0,0.0
,0,0.0
,0,0.0
,0,0.0
,0,0.0
,0,0.0
,0,0.0
,0,0.0
,0,0.0
,0,0.0
,0,0.0
,0,0.0
,0,0.0
,0,0.0
,0,0.0
,0,0.0
,0,0.0
,0,0.0
,0,0.0
,0,0.0
,0,0.0
,0,0.0
,0,0.0
,0,0.0
,0,0.0
,0,0.0
,0,0.0
,0,0.0
,0,0.0
,0,0.0
,0,0.0
,0,0.0
,0,0.0
,0,0.0
,0,0.0
,0,0.0
,0,0.0
,0,0.0
,0,0.0
,0,0.0
,0,0.0
,0,0.0
,0,0.0
,0,0.0
,0,0.0
,0,0.0
,0,0.0
,0,0.0
,0,0.0
,0,0.0
,0,0.0
,0,0.0
,0,0.0
,0,0.0
,0,0.0
,0,0.0
,0,0.0
,0,0.0
,0,0.0
,0,0.0
,0,0.0
,0,0.0
,0,0.0
,0,0.0
,0,0.0
,0,0.0
,0,0.0
,0,0.0
,0,0.0
,0,0.0
,0,0.0
,0,0.0
,0,0.0
,0,0.0
,0,0.0
,0,0.0
,0,0.0
,0,0.0
,0,0.0
,0,0.0
,0,0.0
,0,0.0
,0,0.0
,0,0.0
,0,0.0
,0,0.0
,0,0.0
,0,0.0
,0,0.0
,0,0.0
,0,0.0
,0,0.0
,0,0.0
,0,0.0
,0,0.0
,0,0.0
,0,0.0
,0,0.0
,0,0.0
,0,0.0
,0,0.0
,0,0.0
,0,0.0
,0,0.0
,0,0.0
,0,0.0
,0,0.0
,0,0.0
,0,0.0
,0,0.0
,0,0.0
,0,0.0
,0,0.0
,0,0.0
,0,0.0
,0,0.0
,0,0.0
,0,0.0
,0,0.0
,0,0.0
,0,0.0
,0,0.0
,0,0.0
,0,0.0
,0,0.0
,0,0.0
,0,0.0
,0,0.0
,0,0.0
,0,0.0
,0,0.0
,0,0.0
,0,0.0
,0,0.0
,0,0.0
,0,0.0
,0,0.0
,0,0.0
,0,0.0
,0,0.0
,0,0.0
,0,0.0
,0,0.0
,0,0.0
,0,0.0
,0,0.0
,0,0.0
,0,0.0
,0,0.0
,0,0.0
,0,0.0
,0,0.0
,0,0.0
,0,0.0
,0,0.0
,0,0.0
,0,0.0
,0,0.0
,0,0.0
,0,0.0
,0,0.0
,0,0.0
,0,0.0
,0,0.0
,0,0.0
,0,0.0
,0,0.0
,0,0.0
,0,0.0
,0,0.0
,0,0.0
,0,0.0
,0,0.0
,0,0.0
,0,0.0
,0,0.0
,0,0.0
,0,0.0
,0,0.0
,0,0.0
,0,0.0
,0,0.0
,0,0.0
,0,0.0
,0,0.0
,0,0.0
,0,0.0
,0,0.0
,0,0.0
,0,0.0
,0,0.0
,0,0.0
,0,0.0
,0,0.0
,0,0.0
,0,0.0
,0,0.0
,0,0.0
,0,0.0
,0,0.0
,0,0.0
,0,0.0
,0,0.0
,0,0.0
,0,0.0
,0,0.0
,0,0.0
,0,0.0
,0,0.0
,0,0.0
,0,0.0
,0,0.0
,0,0.0
,0,0.0
,0,0.0
,0,0.0
,0,0.0
,0,0.0
,0,0.0
,0,0.0
,0,0.0
,0,0.0
,0,0.0
,0,0.0
,0,0.0
,0,0.0
,0,0.0
,0,0.0
,0,0.0
,0,0.0
,0,0.0
253.37223799154964,0,0.18181818181818182
253.2525932289137,0,0.45454545454545453
,0,0.0
,0,0.0
,0,0.0
,0,0.0
,0,0.0
,0,0.0
,0,0.0
,0,0.0
,0,0.0
,0,0.0
,0,0.0
,0,0.0
,0,0.0
,0,0.0
,0,0.0
,0,0.0
,0,0.0
,0,0.0
,0,0.0
,0,0.0
,0,0.0
,0,0.0
,0,0.0
,0,0.0
,0,0.0
,0,0.0
,0,0.0
,0,0.0
,0,0.0
,0,0.0
,0,0.0
,0,0.0
,0,0.0
,0,0.0
,0,0.0
,0,0.0
,0,0.0
,0,0.0
,0,0.0
,0,0.0
,0,0.0
,0,0.0
,0,0.0
,0,0.0
,0,0.0
,0,0.0
,0,0.0
,0,0.0
,0,0.0
,0,0.0
,0,0.0
,0,0.0
,0,0.0
,0,0.0
,0,0.0
,0,0.0
,0,0.0
,0,0.0
,0,0.0
,0,0.0
,0,0.0
,0,0.0
,0,0.0
,0,0.0
,0,0.0
,0,0.0
,0,0.0
,0,0.0
,0,0.0
,0,0.0
,0,0.0
,0,0.0
,0,0.0
,0,0.0
,0,0.0
,0,0.0
,0,0.0
,0,0.0
,0,0.0
,0,0.0
,0,0.0
,0,0.0
,0,0.0
,0,0.0
,0,0.0
,0,0.0
,0,0.0
,0,0.0
,0,0.0
,0,0.0
,0,0.0
,0,0.0
,0,0.0
,0,0.0
,0,0.0
,0,0.0
,0,0.0
,0,0.0
,0,0.0
,0,0.0
291.00313608030865,0,0.18181818181818182
285.93453398556363,0,1.0
267.8827937014132,0,0.09090909090909091
,0,0.0
,0,0.0
,0,0.0
,0,0.0
,0,0.0
,0,0.0
,0,0.0
,0,0.0
,0,0.0
,0,0.0
,0,0.0
,0,0.0
,0,0.0
,0,0.0
,0,0.0
,0,0.0
,0,0.0
,0,0.0
,0,0.0
,0,0.0
,0,0.0
,0,0.0
,0,0.0
,0,0.0
,0,0.0
,0,0.0
,0,0.0
,0,0.0
,0,0.0
,0,0.0
,0,0.0
,0,0.0
,0,0.0
,0,0.0
,0,0.0
,0,0.0
,0,0.0
265.116887295138,0,0.18181818181818182
279.6185510926602,0,1.0
312.6445390676082,0,1.0
325.1953568438318,0,1.0
311.0684275749229,0,1.0
275.54117954226086,0,0.8181818181818182
267.3222382644615,0,0.6363636363636364
,0,0.0
,0,0.0
,0,0.0
,0,0.0
,0,0.0
,0,0.0
,0,0.0
,0,0.0
,0,0.0
,0,0.0
,0,0.0
,0,0.0
,0,0.0
,0,0.0
,0,0.0
,0,0.0
,0,0.0
,0,0.0
,0,0.0
,0,0.0
,0,0.0
,0,0.0
,0,0.0
,0,0.0
,0,0.0
,0,0.0
,0,0.0
,0,0.0
,0,0.0
,0,0.0
,0,0.0
,0,0.0
,0,0.0
,0,0.0
,0,0.0
,0,0.0
,0,0.0
,0,0.0
,0,0.0
,0,0.0
,0,0.0
,0,0.0
,0,0.0
,0,0.0
,0,0.0
,0,0.0
,0,0.0
,0,0.0
,0,0.0
,0,0.0
,0,0.0
,0,0.0
,0,0.0
,0,0.0
,0,0.0
,0,0.0
,0,0.0
,0,0.0
,0,0.0
,0,0.0
,0,0.0
,0,0.0
,0,0.0
,0,0.0
,0,0.0
,0,0.0
,0,0.0
,0,0.0
,0,0.0
,0,0.0
,0,0.0
,0,0.0
,0,0.0
,0,0.0
,0,0.0
,0,0.0
,0,0.0
,0,0.0
,0,0.0
,0,0.0
,0,0.0
,0,0.0
,0,0.0
,0,0.0
,0,0.0
,0,0.0
,0,0.0
,0,0.0
,0,0.0
,0,0.0
,0,0.0
,0,0.0
,0,0.0
,0,0.0
,0,0.0
,0,0.0
,0,0.0
,0,0.0
,0,0.0
,0,0.0
,0,0.0
,0,0.0
,0,0.0
,0,0.0
,0,0.0
,0,0.0
,0,0.0
,0,0.0
,0,0.0
,0,0.0
,0,0.0
,0,0.0
,0,0.0
,0,0.0
,0,0.0
,0,0.0
,0,0.0
,0,0.0
,0,0.0
,0,0.0
,0,0.0
,0,0.0
,0,0.0
,0,0.0
,0,0.0
,0,0.0
,0,0.0
,0,0.0
,0,0.0
,0,0.0
,0,0.0
,0,0.0
,0,0.0
,0,0.0
,0,0.0
,0,0.0
,0,0.0
,0,0.0
,0,0.0
,0,0.0
,0,0.0
,0,0.0
,0,0.0
,0,0.0
,0,0.0
,0,0.0
,0,0.0
,0,0.0
,0,0.0
,0,0.0
,0,0.0
,0,0.0
,0,0.0
,0,0.0
,0,0.0
,0,0.0
,0,0.0
,0,0.0
,0,0.0
,0,0.0
,0,0.0
,0,0.0
,0,0.0
,0,0.0
,0,0.0
,0,0.0
,0,0.0
,0,0.0
,0,0.0
,0,0.0
,0,0.0
,0,0.0
,0,0.0
,0,0.0
,0,0.0
,0,0.0
,0,0.0
,0,0.0
,0,0.0
,0,0.0
,0,0.0
,0,0.0
,0,0.0
,0,0.0
,0,0.0
,0,0.0
,0,0.0
,0,0.0
,0,0.0
,0,0.0
,0,0.0
,0,0.0
,0,0.0
,0,0.0
,0,0.0
,0,0.0
,0,0.0
,0,0.0
,0,0.0
,0,0.0
,0,0.0
,0,0.0
,0,0.0
,0,0.0
,0,0.0
,0,0.0
,0,0.0
,0,0.0
,0,0.0
,0,0.0
,0,0.0
,0,0.0
,0,0.0
,0,0.0
,0,0.0
,0,0.0
,0,0.0
,0,0.0
,0,0.0
,0,0.0
,0,0.0
,0,0.0
,0,0.0
,0,0.0
,0,0.0
,0,0.0
,0,0.0
,0,0.0
,0,0.0
,0,0.0
,0,0.0
,0,0.0
,0,0.0
,0,0.0
,0,0.0
,0,0.0
,0,0.0
,0,0.0
,0,0.0
,0,0.0
,0,0.0
,0,0.0
,0,0.0
,0,0.0
,0,0.0
,0,0.0
,0,0.0
,0,0.0
,0,0.0
,0,0.0
,0,0.0
,0,0.0
,0,0.0
,0,0.0
,0,0.0
,0,0.0
,0,0.0
,0,0.0
,0,0.0
,0,0.0
,0,0.0
,0,0.0
,0,0.0
,0,0.0
,0,0.0
,0,0.0
,0,0.0
,0,0.0
,0,0.0
,0,0.0
,0,0.0
,0,0.0
,0,0.0
,0,0.0
,0,0.0
,0,0.0
,0,0.0
,0,0.0
,0,0.0
,0,0.0
,0,0.0
,0,0.0
,0,0.0
,0,0.0
,0,0.0
,0,0.0
,0,0.0
,0,0.0
,0,0.0
,0,0.0
,0,0.0
,0,0.0
,0,0.0
,0,0.0
,0,0.0
,0,0.0
,0,0.0
,0,0.0
,0,0.0
,0,0.0
,0,0.0
,0,0.0
,0,0.0
,0,0.0
,0,0.0
,0,0.0
,0,0.0
,0,0.0
,0,0.0
,0,0.0
,0,0.0
,0,0.0
,0,0.0
,0,0.0
,0,0.0
,0,0.0
,0,0.0
,0,0.0
,0,0.0
,0,0.0
,0,0.0
,0,0.0
,0,0.0
,0,0.0
,0,0.0
,0,0.0
,0,0.0
,0,0.0
,0,0.0
,0,0.0
,0,0.0
,0,0.0
,0,0.0
,0,0.0
,0,0.0
,0,0.0
,0,0.0
,0,0.0
,0,0.0
,0,0.0
,0,0.0
,0,0.0
,0,0.0
,0,0.0
,0,0.0
,0,0.0
,0,0.0
,0,0.0
,0,0.0
,0,0.0
,0,0.0
,0,0.0
,0,0.0
,0,0.0
,0,0.0
,0,0.0
,0,0.0
,0,0.0
,0,0.0
,0,0.0
,0,0.0
,0,0.0
,0,0.0
,0,0.0
,0,0.0
,0,0.0
,0,0.0
,0,0.0
,0,0.0
,0,0.0
,0,0.0
,0,0.0
,0,0.0
,0,0.0
,0,0.0
,0,0.0
,0,0.0
,0,0.0
,0,0.0
,0,0.0
,0,0.0
,0,0.0
,0,0.0
,0,0.0
,0,0.0
,0,0.0
,0,0.0
,0,0.0
,0,0.0
,0,0.0
,0,0.0
,0,0.0
,0,0.0
,0,0.0
,0,0.0
,0,0.0
,0,0.0
,0,0.0
,0,0.0
,0,0.0
,0,0.0
,0,0.0
,0,0.0
,0,0.0
,0,0.0
,0,0.0
,0,0.0
,0,0.0
,0,0.0
,0,0.0
,0,0.0
,0,0.0
,0,0.0
,0,0.0
,0,0.0
,0,0.0
,0,0.0
,0,0.0
,0,0.0
,0,0.0
,0,0.0
,0,0.0
,0,0.0
,0,0.0
,0,0.0
,0,0.0
,0,0.0
,0,0.0
,0,0.0
,0,0.0
,0,0.0
,0,0.0
,0,0.0
,0,0.0
,0,0.0
,0,0.0
,0,0.0
,0,0.0
,0,0.0
,0,0.0
,0,0.0
,0,0.0
,0,0.0
,0,0.0
,0,0.0
,0,0.0
,0,0.0
,0,0.0
,0,0.0
,0,0.0
,0,0.0
,0,0.0
,0,0.0
,0,0.0
,0,0.0
,0,0.0
,0,0.0
,0,0.0
,0,0.0
,0,0.0
,0,0.0
,0,0.0
,0,0.0
,0,0.0
,0,0.0
,0,0.0
,0,0.0
,0,0.0
,0,0.0
,0,0.0
,0,0.0
,0,0.0
,0,0.0
,0,0.0
,0,0.0
,0,0.0
,0,0.0
,0,0.0
,0,0.0
,0,0.0
,0,0.0
,0,0.0
,0,0.0
,0,0.0
,0,0.0
,0,0.0
,0,0.0
,0,0.0
,0,0.0
,0,0.0
,0,0.0
,0,0.0
,0,0.0
,0,0.0
,0,0.0
,0,0.0
,0,0.0
,0,0.0
,0,0.0
,0,0.0
,0,0.0
,0,0.0
,0,0.0
,0,0.0
,0,0.0
,0,0.0
,0,0.0
,0,0.0
,0,0.0
,0,0.0
,0,0.0
,0,0.0
,0,0.0
,0,0.0
,0,0.0
,0,0.0
,0,0.0
,0,0.0
,0,0.0
,0,0.0
,0,0.0
,0,0.0
,0,0.0
,0,0.0
,0,0.0
,0,0.0
,0,0.0
,0,0.0
,0,0.0
,0,0.0
,0,0.0
,0,0.0
,0,0.0
,0,0.0
,0,0.0
,0,0.0
,0,0.0
,0,0.0
,0,0.0
,0,0.0
,0,0.0
,0,0.0
,0,0.0
,0,0.0
,0,0.0
,0,0.0
,0,0.0
,0,0.0
,0,0.0
,0,0.0
,0,0.0
,0,0.0
,0,0.0
,0,0.0
,0,0.0
,0,0.0
,0,0.0
,0,0.0
,0,0.0
,0,0.0
,0,0.0
,0,0.0
,0,0.0
,0,0.0
,0,0.0
,0,0.0
,0,0.0
,0,0.0
,0,0.0
,0,0.0
,0,0.0
,0,0.0
,0,0.0
,0,0.0
,0,0.0
,0,0.0
,0,0.0
,0,0.0
,0,0.0
,0,0.0
,0,0.0
,0,0.0
,0,0.0
,0,0.0
,0,0.0
,0,0.0
,0,0.0
,0,0.0
,0,0.0
,0,0.0
,0,0.0
,0,0.0
,0,0.0
,0,0.0
,0,0.0
,0,0.0
,0,0.0
,0,0.0
,0,0.0
,0,0.0
,0,0.0
,0,0.0
,0,0.0
,0,0.0
,0,0.0
,0,0.0
,0,0.0
,0,0.0
,0,0.0
,0,0.0
,0,0.0
,0,0.0
,0,0.0
,0,0.0
,0,0.0
,0,0.0
,0,0.0
,0,0.0
,0,0.0
,0,0.0
,0,0.0
,0,0.0
,0,0.0
,0,0.0
,0,0.0
,0,0.0
,0,0.0
,0,0.0
,0,0.0
,0,0.0
,0,0.0
,0,0.0
,0,0.0
,0,0.0
,0,0.0
,0,0.0
,0,0.0
,0,0.0
,0,0.0
,0,0.0
,0,0.0
,0,0.0
,0,0.0
,0,0.0
,0,0.0
,0,0.0
,0,0.0
,0,0.0
,0,0.0
,0,0.0
,0,0.0
,0,0.0
,0,0.0
252.76895540782522,0,0.8181818181818182
254.41624683219626,0,0.5454545454545454
,0,0.0
,0,0.0
,0,0.0
,0,0.0
,0,0.0
,0,0.0
,0,0.0
,0,0.0
,0,0.0
,0,0.0
,0,0.0
,0,0.0
,0,0.0
,0,0.0
,0,0.0
,0,0.0
,0,0.0
,0,0.0
,0,0.0
,0,0.0
,0,0.0
,0,0.0
,0,0.0
,0,0.0
,0,0.0
,0,0.0
310.47818418634034,0,0.09090909090909091
313.86560781807634,0,1.0
326.7380059266747,0,1.0
344.5046199562781,0,1.0
365.2900343680099,0,1.0
384.06231512224645,0,1.0
377.8198151200223,0,0.36363636363636365
,0,0.0
,0,0.0
278.2765038226648,0,0.8181818181818182
262.1468721663092,0,1.0
270.9050275570212,0,0.36363636363636365
,0,0.0
,0,0.0
,0,0.0
,0,0.0
,0,0.0
,0,0.0
,0,0.0
,0,0.0
,0,0.0
,0,0.0
,0,0.0
,0,0.0
,0,0.0
,0,0.0
,0,0.0
,0,0.0
,0,0.0
,0,0.0
,0,0.0
,0,0.0
,0,0.0
,0,0.0
,0,0.0
,0,0.0
,0,0.0
,0,0.0
,0,0.0
,0,0.0
,0,0.0
,0,0.0
,0,0.0
,0,0.0
,0,0.0
,0,0.0
,0,0.0
,0,0.0
,0,0.0
,0,0.0
,0,0.0
,0,0.0
,0,0.0
,0,0.0
,0,0.0
,0,0.0
,0,0.0
,0,0.0
,0,0.0
,0,0.0
,0,0.0
,0,0.0
,0,0.0
,0,0.0
,0,0.0
,0,0.0
,0,0.0
,0,0.0
,0,0.0
,0,0.0
,0,0.0
,0,0.0
,0,0.0
,0,0.0
,0,0.0
,0,0.0
,0,0.0
,0,0.0
,0,0.0
,0,0.0
,0,0.0
,0,0.0
,0,0.0
,0,0.0
,0,0.0
,0,0.0
,0,0.0
,0,0.0
,0,0.0
,0,0.0
,0,0.0
,0,0.0
,0,0.0
,0,0.0
,0,0.0
,0,0.0
,0,0.0
,0,0.0
,0,0.0
,0,0.0
,0,0.0
,0,0.0
,0,0.0
,0,0.0
,0,0.0
,0,0.0
,0,0.0
,0,0.0
,0,0.0
,0,0.0
,0,0.0
,0,0.0
,0,0.0
,0,0.0
,0,0.0
,0,0.0
,0,0.0
,0,0.0
,0,0.0
,0,0.0
,0,0.0
,0,0.0
,0,0.0
,0,0.0
,0,0.0
,0,0.0
,0,0.0
,0,0.0
,0,0.0
,0,0.0
,0,0.0
,0,0.0
,0,0.0
,0,0.0
,0,0.0
,0,0.0
,0,0.0
,0,0.0
,0,0.0
,0,0.0
,0,0.0
,0,0.0
,0,0.0
,0,0.0
,0,0.0
,0,0.0
,0,0.0
,0,0.0
,0,0.0
,0,0.0
,0,0.0
,0,0.0
,0,0.0
,0,0.0
,0,0.0
,0,0.0
,0,0.0
,0,0.0
,0,0.0
,0,0.0
,0,0.0
,0,0.0
,0,0.0
,0,0.0
,0,0.0
,0,0.0
,0,0.0
,0,0.0
,0,0.0
,0,0.0
,0,0.0
,0,0.0
,0,0.0
,0,0.0
,0,0.0
,0,0.0
,0,0.0
,0,0.0
,0,0.0
,0,0.0
,0,0.0
,0,0.0
,0,0.0
,0,0.0
,0,0.0
,0,0.0
,0,0.0
,0,0.0
,0,0.0
,0,0.0
,0,0.0
,0,0.0
,0,0.0
,0,0.0
,0,0.0
,0,0.0
,0,0.0
,0,0.0
,0,0.0
,0,0.0
,0,0.0
,0,0.0
,0,0.0
,0,0.0
,0,0.0
,0,0.0
,0,0.0
,0,0.0
,0,0.0
,0,0.0
,0,0.0
,0,0.0
,0,0.0
,0,0.0
,0,0.0
,0,0.0
,0,0.0
,0,0.0
,0,0.0
,0,0.0
,0,0.0
,0,0.0
,0,0.0
,0,0.0
,0,0.0
,0,0.0
,0,0.0
,0,0.0
,0,0.0
,0,0.0
,0,0.0
,0,0.0
,0,0.0
,0,0.0
,0,0.0
,0,0.0
,0,0.0
,0,0.0
,0,0.0
,0,0.0
,0,0.0
,0,0.0
,0,0.0
,0,0.0
,0,0.0
,0,0.0
,0,0.0
,0,0.0
,0,0.0
,0,0.0
,0,0.0
,0,0.0
,0,0.0
,0,0.0
,0,0.0
,0,0.0
,0,0.0
,0,0.0
,0,0.0
,0,0.0
,0,0.0
,0,0.0
,0,0.0
,0,0.0
,0,0.0
,0,0.0
,0,0.0
,0,0.0
,0,0.0
,0,0.0
,0,0.0
,0,0.0
,0,0.0
,0,0.0
,0,0.0
,0,0.0
,0,0.0
,0,0.0
,0,0.0
,0,0.0
,0,0.0
,0,0.0
,0,0.0
,0,0.0
,0,0.0
,0,0.0
,0,0.0
,0,0.0
,0,0.0
,0,0.0
,0,0.0
,0,0.0
,0,0.0
,0,0.0
,0,0.0
,0,0.0
,0,0.0
,0,0.0
,0,0.0
,0,0.0
,0,0.0
,0,0.0
,0,0.0
,0,0.0
,0,0.0
,0,0.0
,0,0.0
,0,0.0
,0,0.0
,0,0.0
,0,0.0
,0,0.0
,0,0.0
,0,0.0
,0,0.0
,0,0.0
,0,0.0
,0,0.0
,0,0.0
,0,0.0
,0,0.0
,0,0.0
,0,0.0
,0,0.0
,0,0.0
,0,0.0
,0,0.0
,0,0.0
,0,0.0
,0,0.0
,0,0.0
,0,0.0
,0,0.0
,0,0.0
,0,0.0
,0,0.0
,0,0.0
,0,0.0
,0,0.0
,0,0.0
,0,0.0
,0,0.0
,0,0.0
,0,0.0
,0,0.0
,0,0.0
,0,0.0
,0,0.0
,0,0.0
,0,0.0
,0,0.0
,0,0.0
,0,0.0
,0,0.0
,0,0.0
,0,0.0
,0,0.0
,0,0.0
,0,0.0
,0,0.0
,0,0.0
,0,0.0
,0,0.0
,0,0.0
,0,0.0
,0,0.0
,0,0.0
,0,0.0
,0,0.0
,0,0.0
,0,0.0
,0,0.0
,0,0.0
,0,0.0
,0,0.0
,0,0.0
,0,0.0
,0,0.0
,0,0.0
,0,0.0
,0,0.0
,0,0.0
,0,0.0
,0,0.0
,0,0.0
,0,0.0
,0,0.0
,0,0.0
,0,0.0
,0,0.0
,0,0.0
,0,0.0
,0,0.0
,0,0.0
,0,0.0
,0,0.0
,0,0.0
,0,0.0
,0,0.0
,0,0.0
,0,0.0
,0,0.0
,0,0.0
,0,0.0
,0,0.0
,0,0.0
,0,0.0
,0,0.0
,0,0.0
,0,0.0
,0,0.0
,0,0.0
,0,0.0
,0,0.0
,0,0.0
,0,0.0
,0,0.0
,0,0.0
,0,0.0
,0,0.0
,0,0.0
,0,0.0
,0,0.0
,0,0.0
,0,0.0
,0,0.0
,0,0.0
,0,0.0
,0,0.0
,0,0.0
,0,0.0
,0,0.0
,0,0.0
,0,0.0
,0,0.0
,0,0.0
,0,0.0
,0,0.0
,0,0.0
,0,0.0
,0,0.0
,0,0.0
,0,0.0
,0,0.0
,0,0.0
,0,0.0
,0,0.0
,0,0.0
,0,0.0
,0,0.0
,0,0.0
,0,0.0
,0,0.0
,0,0.0
,0,0.0
,0,0.0
,0,0.0
,0,0.0
,0,0.0
,0,0.0
,0,0.0
,0,0.0
,0,0.0
,0,0.0
,0,0.0
,0,0.0
,0,0.0
,0,0.0
,0,0.0
,0,0.0
,0,0.0
,0,0.0
,0,0.0
,0,0.0
,0,0.0
,0,0.0
,0,0.0
,0,0.0
,0,0.0
,0,0.0
,0,0.0
,0,0.0
,0,0.0
,0,0.0
,0,0.0
,0,0.0
,0,0.0
,0,0.0
,0,0.0
,0,0.0
,0,0.0
,0,0.0
,0,0.0
,0,0.0
,0,0.0
,0,0.0
,0,0.0
,0,0.0
,0,0.0
,0,0.0
,0,0.0
,0,0.0
,0,0.0
,0,0.0
,0,0.0
,0,0.0
,0,0.0
,0,0.0
,0,0.0
,0,0.0
,0,0.0
,0,0.0
,0,0.0
,0,0.0
,0,0.0
,0,0.0
,0,0.0
509.12675459530686,0,0.36363636363636365
512.0892904432432,0,0.36363636363636365
513.0006917492476,0,0.0
512.1958573263323,0,0.0
512.1481342172788,0,0.0
512.3616562360997,0,0.0
512.823722468824,0,0.0
512.5767995065696,0,0.0
511.35177787813495,0,0.0
512.4299108205015,0,0.0
511.9967540240778,0,0.0
512.6053664827065,0,0.0
511.89232198470387,0,0.0
512.2869107953774,0,0.0
511.8788986436195,0,0.0
512.8629639480569,0,0.0
513.3665011813816,0,0.0
,0,0.0
,0,0.0
,0,0.0
,0,0.0
,0,0.0
,0,0.0
,0,0.0
,0,0.0
,0,0.0
,0,0.0
,0,0.0
,0,0.0
,0,0.0
508.33950266034833,0,0.0
511.9756925866988,0,0.0
513.8941128981095,0,0.0
428.7293503635094,0,0.0
477.406765744356,0,0.0
512.3422152241451,0,0.0
513.1901005661925,0,0.0
512.6830919389139,0,0.0
509.51218026827013,0,0.0
512.5833518235488,0,0.0
512.3442866188719,0,0.0
512.0719609267525,0,0.0
512.0270640136173,0,0.0
512.7129823714554,0,0.0
512.1007199378836,0,0.0
512.1896301422973,0,0.0
513.8404294201499,0,0.0
512.6326338757074,0,0.0
,0,0.0
,0,0.0
,0,0.0
,0,0.0
,0,0.0
,0,0.0
,0,0.0
,0,0.0
,0,0.0
,0,0.0
,0,0.0
,0,0.0
510.32991394008775,0,0.0
512.0820064426919,0,0.0
512.9554691669466,0,0.0
512.4116335061237,0,0.0
354.6524704487166,0,0.0
341.53634784229143,0,0.0
341.9894439073479,0,0.0
341.81573553889183,0,0.0
340.4846838696889,0,0.0
341.76643264727676,0,0.0
341.50177645061115,0,0.0
358.94912008284086,0,0.0
512.432971450484,0,0.0
512.7398138221486,0,0.0
511.85623724003284,0,0.0
512.6758787944079,0,0.0
512.215965862866,0,0.0
513.9125690354964,0,0.0
,0,0.0
,0,0.0
,0,0.0
,0,0.0
509.46662011034186,0,0.0
512.5636040308436,0,0.0
512.6766694856859,0,0.0
513.1120224777482,0,0.0
512.1245019348964,0,0.0
,0,0.0
,0,0.0
,0,0.0
,0,0.0
,0,0.0
,0,0.0
,0,0.0
,0,0.0
,0,0.0
,0,0.0
,0,0.0
,0,0.0
,0,0.0
,0,0.0
,0,0.0
,0,0.0
396.9439312126368,0,0.0
410.4443352857602,0,0.0
,0,0.0
,0,0.0
,0,0.0
,0,0.0
,0,0.0
,0,0.0
,0,0.0
264.76202859968413,0,0.0
258.64578091304753,0,0.0
,0,0.0
,0,0.0
,0,0.0
,0,0.0
,0,0.0
,0,0.0
,0,0.0
,0,0.0
,0,0.0
,0,0.0
,0,0.0
,0,0.0
,0,0.0
,0,0.0
,0,0.0
,0,0.0
,0,0.0
,0,0.0
,0,0.0
,0,0.0
,0,0.0
,0,0.0
,0,0.0
,0,0.0
,0,0.0
,0,0.0
,0,0.0
,0,0.0
,0,0.0
,0,0.0
,0,0.0
,0,0.0
,0,0.0
,0,0.0
,0,0.0
,0,0.0
,0,0.0
,0,0.0
,0,0.0
,0,0.0
,0,0.0
,0,0.0
,0,0.0
,0,0.0
,0,0.0
,0,0.0
,0,0.0
,0,0.0
,0,0.0
,0,0.0
,0,0.0
300.27705436102684,0,0.0
279.692335217341,0,0.0
273.82243637590597,0,0.0
,0,0.0
,0,0.0
,0,0.0
,0,0.0
,0,0.0
,0,0.0
,0,0.0
,0,0.0
,0,0.0
,0,0.0
,0,0.0
,0,0.0
,0,0.0
,0,0.0
,0,0.0
,0,0.0
,0,0.0
,0,0.0
,0,0.0
,0,0.0
,0,0.0
,0,0.0
,0,0.0
,0,0.0
,0,0.0
,0,0.0
,0,0.0
,0,0.0
,0,0.0
,0,0.0
,0,0.0
,0,0.0
,0,0.0
,0,0.0
,0,0.0
,0,0.0
,0,0.0
,0,0.0
,0,0.0
,0,0.0
,0,0.0
,0,0.0
,0,0.0
,0,0.0
,0,0.0
,0,0.0
,0,0.0
,0,0.0
263.0673922901885,0,0.0
,0,0.0
,0,0.0
,0,0.0
,0,0.0
,0,0.0
,0,0.0
,0,0.0
,0,0.0
,0,0.0
,0,0.0
,0,0.0
,0,0.0
,0,0.0
,0,0.0
,0,0.0
,0,0.0
,0,0.0
,0,0.0
,0,0.0
,0,0.0
,0,0.0
,0,0.0
,0,0.0
,0,0.0
,0,0.0
,0,0.0
,0,0.0
,0,0.0
,0,0.0
,0,0.0
,0,0.0
,0,0.0
,0,0.0
,0,0.0
,0,0.0
,0,0.0
,0,0.0
,0,0.0
,0,0.0
511.0752904600633,0,0.0
512.4548724806832,0,0.0
512.3115094824205,0,0.0
512.1816389844173,0,0.0
513.4808523962021,0,0.0
512.7420440723691,0,0.0
512.1763841281985,0,0.0
,0,0.0
,0,0.0
,0,0.0
,0,0.0
,0,0.0
,0,0.0
,0,0.0
,0,0.0
,0,0.0
,0,0.0
,0,0.0
,0,0.0
,0,0.0
,0,0.0
,0,0.0
,0,0.0
,0,0.0
,0,0.0
,0,0.0
,0,0.0
,0,0.0
,0,0.0
,0,0.0
,0,0.0
,0,0.0
,0,0.0
,0,0.0
,0,0.0
,0,0.0
,0,0.0
,0,0.0
,0,0.0
,0,0.0
,0,0.0
,0,0.0
,0,0.0
,0,0.0
,0,0.0
,0,0.0
,0,0.0
,0,0.0
,0,0.0
,0,0.0
,0,0.0
,0,0.0
,0,0.0
,0,0.0
,0,0.0
,0,0.0
,0,0.0
,0,0.0
,0,0.0
,0,0.0
,0,0.0
,0,0.0
,0,0.0
,0,0.0
,0,0.0
,0,0.0
,0,0.0
,0,0.0
,0,0.0
,0,0.0
,0,0.0
,0,0.0
,0,0.0
,0,0.0
,0,0.0
,0,0.0
,0,0.0
,0,0.0
,0,0.0
,0,0.0
,0,0.0
,0,0.0
,0,0.0
,0,0.0
,0,0.0
,0,0.0
,0,0.0
,0,0.0
,0,0.0
,0,0.0
,0,0.0
,0,0.0
,0,0.0
,0,0.0
,0,0.0
,0,0.0
,0,0.0
,0,0.0
,0,0.0
,0,0.0
,0,0.0
,0,0.0
,0,0.0
,0,0.0
,0,0.0
,0,0.0
,0,0.0
,0,0.0
,0,0.0
,0,0.0
,0,0.0
,0,0.0
,0,0.0
,0,0.0
,0,0.0
,0,0.0
,0,0.0
,0,0.0
,0,0.0
,0,0.0
463.55106440614713,0,0.0
424.6763376139712,1,0.0
404.3536104050664,1,0.0
405.2157046824777,1,0.0
,0,0.0
,0,0.0
,0,0.0
,0,0.0
,0,0.0
,0,0.0
,0,0.0
,0,0.0
,0,0.0
,0,0.0
,0,0.0
,0,0.0
,0,0.0
,0,0.0
,0,0.0
,0,0.0
,0,0.0
,0,0.0
,0,0.0
,0,0.0
,0,0.0
,0,0.0
,0,0.0
,0,0.0
,0,0.0
,0,0.0
,0,0.0
,0,0.0
,0,0.0
,0,0.0
,0,0.0
,0,0.0
,0,0.0
,0,0.0
,0,0.0
,0,0.0
,0,0.0
,0,0.0
,0,0.0
,0,0.0
,0,0.0
,0,0.0
,0,0.0
,0,0.0
,0,0.0
,0,0.0
,0,0.0
,0,0.0
,0,0.0
,0,0.0
,0,0.0
,0,0.0
,0,0.0
,0,0.0
,0,0.0
,0,0.0
,0,0.0
,0,0.0
,0,0.0
,0,0.0
,0,0.0
,0,0.0
,0,0.0
,0,0.0
,0,0.0
,0,0.0
,0,0.0
,0,0.0
,0,0.0
,0,0.0
,0,0.0
,0,0.0
,0,0.0
,0,0.0
,0,0.0
,0,0.0
,0,0.0
,0,0.0
,0,0.0
,0,0.0
,0,0.0
,0,0.0
,0,0.0
,0,0.0
,0,0.0
,0,0.0
,0,0.0
,0,0.0
,0,0.0
,0,0.0
,0,0.0
,0,0.0
,0,0.0
,0,0.0
,0,0.0
,0,0.0
,0,0.0
,0,0.0
,0,0.0
,0,0.0
,0,0.0
,0,0.0
,0,0.0
,0,0.0
,0,0.0
,0,0.0
,0,0.0
,0,0.0
,0,0.0
,0,0.0
,0,0.0
,0,0.0
,0,0.0
,0,0.0
,0,0.0
,0,0.0
,0,0.0
,0,0.0
,0,0.0
,0,0.0
,0,0.0
,0,0.0
,0,0.0
,0,0.0
,0,0.0
,0,0.0
,0,0.0
,0,0.0
,0,0.0
,0,0.0
,0,0.0
,0,0.0
,0,0.0
,0,0.0
,0,0.0
,0,0.0
,0,0.0
,0,0.0
,0,0.0
,0,0.0
,0,0.0
,0,0.0
,0,0.0
,0,0.0
,0,0.0
,0,0.0
,0,0.0
,0,0.0
,0,0.0
,0,0.0
,0,0.0
,0,0.0
,0,0.0
,0,0.0
,0,0.0
,0,0.0
,0,0.0
,0,0.0
,0,0.0
,0,0.0
,0,0.0
,0,0.0
,0,0.0
,0,0.0
,0,0.0
,0,0.0
,0,0.0
,0,0.0
,0,0.0
,0,0.0
,0,0.0
,0,0.0
,0,0.0
,0,0.0
,0,0.0
,0,0.0
,0,0.0
,0,0.0
,0,0.0
,0,0.0
,0,0.0
,0,0.0
,0,0.0
,0,0.0
,0,0.0
,0,0.0
,0,0.0
,0,0.0
,0,0.0
,0,0.0
,0,0.0
,0,0.0
,0,0.0
,0,0.0
,0,0.0
,0,0.0
,0,0.0
,0,0.0
,0,0.0
,0,0.0
,0,0.0
,0,0.0
,0,0.0
,0,0.0
,0,0.0
,0,0.0
,0,0.0
,0,0.0
,0,0.0
,0,0.0
,0,0.0
,0,0.0
,0,0.0
,0,0.0
,0,0.0
,0,0.0
,0,0.0
,0,0.0
,0,0.0
,0,0.0
,0,0.0
,0,0.0
,0,0.0
,0,0.0
,0,0.0
,0,0.0
,0,0.0
,0,0.0
,0,0.0
,0,0.0
,0,0.0
,0,0.0
,0,0.0
,0,0.0
,0,0.0
,0,0.0
,0,0.0
,0,0.0
,0,0.0
,0,0.0
,0,0.0
,0,0.0
,0,0.0
,0,0.0
,0,0.0
,0,0.0
,0,0.0
,0,0.0
,0,0.0
,0,0.0
,0,0.0
,0,0.0
,0,0.0
,0,0.0
,0,0.0
,0,0.0
,0,0.0
,0,0.0
,0,0.0
,0,0.0
,0,0.0
,0,0.0
,0,0.0
,0,0.0
,0,0.0
,0,0.0
,0,0.0
,0,0.0
,0,0.0
,0,0.0
,0,0.0
,0,0.0
,0,0.0
,0,0.0
,0,0.0
,0,0.0
,0,0.0
,0,0.0
,0,0.0
,0,0.0
,0,0.0
,0,0.0
,0,0.0
,0,0.0
,0,0.0
,0,0.0
,0,0.0
,0,0.0
,0,0.0
,0,0.0
,0,0.0
,0,0.0
,0,0.0
,0,0.0
,0,0.0
,0,0.0
,0,0.0
,0,0.0
,0,0.0
,0,0.0
,0,0.0
,0,0.0
,0,0.0
,0,0.0
,0,0.0
,0,0.0
,0,0.0
,0,0.0
,0,0.0
,0,0.0
,0,0.0
,0,0.0
,0,0.0
,0,0.0
,0,0.0
,0,0.0
,0,0.0
,0,0.0
,0,0.0
,0,0.0
,0,0.0
,0,0.0
,0,0.0
,0,0.0
,0,0.0
,0,0.0
,0,0.0
,0,0.0
,0,0.0
,0,0.0
,0,0.0
,0,0.0
,0,0.0
,0,0.0
,0,0.0
,0,0.0
,0,0.0
,0,0.0
,0,0.0
,0,0.0
,0,0.0
,0,0.0
,0,0.0
,0,0.0
,0,0.0
,0,0.0
,0,0.0
,0,0.0
,0,0.0
,0,0.0
,0,0.0
,0,0.0
,0,0.0
,0,0.0
,0,0.0
,0,0.0
,0,0.0
,0,0.0
,0,0.0
,0,0.0
,0,0.0
,0,0.0
,0,0.0
,0,0.0
,0,0.0
,0,0.0
,0,0.0
,0,0.0
,0,0.0
,0,0.0
,0,0.0
,0,0.0
,0,0.0
,0,0.0
,0,0.0
,0,0.0
,0,0.0
,0,0.0
,0,0.0
,0,0.0
,0,0.0
,0,0.0
,0,0.0
,0,0.0
,0,0.0
,0,0.0
,0,0.0
,0,0.0
,0,0.0
,0,0.0
,0,0.0
,0,0.0
,0,0.0
,0,0.0
,0,0.0
,0,0.0
,0,0.0
,0,0.0
,0,0.0
,0,0.0
,0,0.0
,0,0.0
,0,0.0
,0,0.0
,0,0.0
,0,0.0
,0,0.0
,0,0.0
,0,0.0
,0,0.0
,0,0.0
,0,0.0
,0,0.0
,0,0.0
,0,0.0
,0,0.0
,0,0.0
,0,0.0
,0,0.0
,0,0.0
,0,0.0
,0,0.0
,0,0.0
,0,0.0
,0,0.0
,0,0.0
,0,0.0
,0,0.0
,0,0.0
,0,0.0
,0,0.0
,0,0.0
,0,0.0
,0,0.0
,0,0.0
,0,0.0
,0,0.0
,0,0.0
,0,0.0
,0,0.0
,0,0.0
,0,0.0
,0,0.0
,0,0.0
,0,0.0
,0,0.0
,0,0.0
,0,0.0
,0,0.0
,0,0.0
,0,0.0
,0,0.0
,0,0.0
,0,0.0
,0,0.0
,0,0.0
,0,0.0
,0,0.0
,0,0.0
,0,0.0
,0,0.0
,0,0.0
,0,0.0
,0,0.0
,0,0.0
,0,0.0
,0,0.0
,0,0.0
,0,0.0
,0,0.0
,0,0.0
,0,0.0
,0,0.0
,0,0.0
,0,0.0
,0,0.0
,0,0.0
,0,0.0
,0,0.0
,0,0.0
,0,0.0
,0,0.0
,0,0.0
,0,0.0
,0,0.0
,0,0.0
,0,0.0
,0,0.0
,0,0.0
,0,0.0
,0,0.0
,0,0.0
,0,0.0
,0,0.0
,0,0.0
,0,0.0
,0,0.0
,0,0.0
,0,0.0
,0,0.0
,0,0.0
,0,0.0
,0,0.0
,0,0.0
,0,0.0
,0,0.0
,0,0.0
,0,0.0
,0,0.0
,0,0.0
,0,0.0
,0,0.0
,0,0.0
,0,0.0
,0,0.0
,0,0.0
,0,0.0
,0,0.0
,0,0.0
,0,0.0
,0,0.0
,0,0.0
,0,0.0
,0,0.0
,0,0.0
,0,0.0
,0,0.0
,0,0.0
,0,0.0
,0,0.0
,0,0.0
,0,0.0
,0,0.0
,0,0.0
,0,0.0
,0,0.0
,0,0.0
,0,0.0
,0,0.0
,0,0.0
,0,0.0
,0,0.0
,0,0.0
,0,0.0
,0,0.0
,0,0.0
,0,0.0
,0,0.0
,0,0.0
,0,0.0
,0,0.0
,0,0.0
,0,0.0
,0,0.0
,0,0.0
,0,0.0
,0,0.0
,0,0.0
,0,0.0
,0,0.0
,0,0.0
,0,0.0
,0,0.0
,0,0.0
,0,0.0
,0,0.0
,0,0.0
,0,0.0
,0,0.0
,0,0.0
,0,0.0
,0,0.0
,0,0.0
,0,0.0
,0,0.0
,0,0.0
,0,0.0
,0,0.0
,0,0.0
,0,0.0
,0,0.0
,0,0.0
,0,0.0
,0,0.0
,0,0.0
,0,0.0
,0,0.0
,0,0.0
,0,0.0
,0,0.0
,0,0.0
,0,0.0
,0,0.0
,0,0.0
,0,0.0
,0,0.0
,0,0.0
,0,0.0
,0,0.0
,0,0.0
,0,0.0
,0,0.0
,0,0.0
,0,0.0
,0,0.0
,0,0.0
,0,0.0
,0,0.0
,0,0.0
,0,0.0
,0,0.0
,0,0.0
,0,0.0
,0,0.0
,0,0.0
,0,0.0
,0,0.0
,0,0.0
,0,0.0
,0,0.0
,0,0.0
,0,0.0
,0,0.0
,0,0.0
,0,0.0
,0,0.0
,0,0.0
,0,0.0
,0,0.0
,0,0.0
,0,0.0
,0,0.0
,0,0.0
,0,0.0
,0,0.0
,0,0.0
,0,0.0
,0,0.0
,0,0.0
,0,0.0
,0,0.0
,0,0.0
,0,0.0
,0,0.0
,0,0.0
,0,0.0
,0,0.0
,0,0.0
,0,0.0
,0,0.0
,0,0.0
,0,0.0
,0,0.0
,0,0.0
,0,0.0
,0,0.0
,0,0.0
,0,0.0
,0,0.0
,0,0.0
,0,0.0
,0,0.0
,0,0.0
,0,0.0
,0,0.0
,0,0.0
,0,0.0
,0,0.0
,0,0.0
,0,0.0
,0,0.0
,0,0.0
,0,0.0
,0,0.0
,0,0.0
,0,0.0
,0,0.0
,0,0.0
,0,0.0
,0,0.0
,0,0.0
,0,0.0
,0,0.0
,0,0.0
,0,0.0
,0,0.0
,0,0.0
,0,0.0
,0,0.0
,0,0.0
,0,0.0
,0,0.0
,0,0.0
,0,0.0
,0,0.0
,0,0.0
,0,0.0
,0,0.0
,0,0.0
,0,0.0
,0,0.0
,0,0.0
,0,0.0
,0,0.0
,0,0.0
,0,0.0
,0,0.0
,0,0.0
,0,0.0
,0,0.0
,0,0.0
,0,0.0
,0,0.0
,0,0.0
,0,0.0
,0,0.0
,0,0.0
,0,0.0
,0,0.0
,0,0.0
,0,0.0
,0,0.0
,0,0.0
,0,0.0
,0,0.0
,0,0.0
,0,0.0
,0,0.0
,0,0.0
,0,0.0
,0,0.0
,0,0.0
,0,0.0
,0,0.0
,0,0.0
,0,0.0
,0,0.0
,0,0.0
,0,0.0
,0,0.0
,0,0.0
,0,0.0
,0,0.0
,0,0.0
,0,0.0
,0,0.0
,0,0.0
,0,0.0
,0,0.0
,0,0.0
,0,0.0
,0,0.0
,0,0.0
,0,0.0
,0,0.0
,0,0.0
,0,0.0
,0,0.0
,0,0.0
,0,0.0
,0,0.0
,0,0.0
,0,0.0
,0,0.0
,0,0.0
,0,0.0
,0,0.0
,0,0.0
,0,0.0
,0,0.0
,0,0.0
,0,0.0
,0,0.0
,0,0.0
,0,0.0
,0,0.0
,0,0.0
,0,0.0
,0,0.0
,0,0.0
,0,0.0
,0,0.0
,0,0.0
,0,0.0
,0,0.0
,0,0.0
,0,0.0
,0,0.0
,0,0.0
,0,0.0
,0,0.0
,0,0.0
,0,0.0
,0,0.0
,0,0.0
,0,0.0
,0,0.0
,0,0.0
,0,0.0
,0,0.0
,0,0.0
,0,0.0
,0,0.0
,0,0.0
,0,0.0
,0,0.0
,0,0.0
,0,0.0
,0,0.0
,0,0.0
,0,0.0
,0,0.0
,0,0.0
,0,0.0
,0,0.0
,0,0.0
,0,0.0
,0,0.0
,0,0.0
,0,0.0
,0,0.0
,0,0.0
,0,0.0
,0,0.0
,0,0.0
,0,0.0
,0,0.0
,0,0.0
,0,0.0
,0,0.0
,0,0.0
,0,0.0
,0,0.0
,0,0.0
,0,0.0
,0,0.0
,0,0.0
,0,0.0
,0,0.0
,0,0.0
,0,0.0
,0,0.0
,0,0.0
,0,0.0
,0,0.0
,0,0.0
,0,0.0
,0,0.0
,0,0.0
,0,0.0
,0,0.0
,0,0.0
,0,0.0
,0,0.0
,0,0.0
,0,0.0
,0,0.0
,0,0.0
,0,0.0
,0,0.0
,0,0.0
,0,0.0
,0,0.0
,0,0.0
,0,0.0
,0,0.0
,0,0.0
,0,0.0
,0,0.0
,0,0.0
,0,0.0
,0,0.0
,0,0.0
,0,0.0
,0,0.0
,0,0.0
,0,0.0
,0,0.0
,0,0.0
,0,0.0
,0,0.0
,0,0.0
,0,0.0
,0,0.0
,0,0.0
,0,0.0
,0,0.0
,0,0.0
,0,0.0
,0,0.0
,0,0.0
,0,0.0
,0,0.0
,0,0.0
,0,0.0
,0,0.0
,0,0.0
,0,0.0
,0,0.0
,0,0.0
,0,0.0
,0,0.0
,0,0.0
,0,0.0
,0,0.0
,0,0.0
,0,0.0
,0,0.0
,0,0.0
,0,0.0
,0,0.0
,0,0.0
,0,0.0
,0,0.0
,0,0.0
,0,0.0
,0,0.0
,0,0.0
,0,0.0
,0,0.0
,0,0.0
,0,0.0
,0,0.0
,0,0.0
,0,0.0
,0,0.0
,0,0.0
,0,0.0
,0,0.0
,0,0.0
,0,0.0
,0,0.0
,0,0.0
,0,0.0
,0,0.0
,0,0.0
,0,0.0
,0,0.0
,0,0.0
,0,0.0
,0,0.0
,0,0.0
,0,0.0
,0,0.0
,0,0.0
,0,0.0
,0,0.0
,0,0.0
,0,0.0
,0,0.0
,0,0.0
,0,0.0
,0,0.0
,0,0.0
,0,0.0
,0,0.0
,0,0.0
,0,0.0
,0,0.0
,0,0.0
,0,0.0
,0,0.0
,0,0.0
,0,0.0
,0,0.0
,0,0.0
,0,0.0
,0,0.0
,0,0.0
,0,0.0
,0,0.0
,0,0.0
,0,0.0
,0,0.0
,0,0.0
,0,0.0
,0,0.0
,0,0.0
,0,0.0
,0,0.0
,0,0.0
,0,0.0
,0,0.0
,0,0.0
,0,0.0
,0,0.0
,0,0.0
,0,0.0
,0,0.0
,0,0.0
,0,0.0
,0,0.0
,0,0.0
,0,0.0
,0,0.0
,0,0.0
,0,0.0
,0,0.0
,0,0.0
,0,0.0
,0,0.0
,0,0.0
,0,0.0
,0,0.0
,0,0.0
,0,0.0
,0,0.0
,0,0.0
,0,0.0
,0,0.0
,0,0.0
,0,0.0
,0,0.0
,0,0.0
,0,0.0
,0,0.0
,0,0.0
,0,0.0
,0,0.0
,0,0.0
,0,0.0
,0,0.0
,0,0.0
,0,0.0
,0,0.0
,0,0.0
,0,0.0
,0,0.0
,0,0.0
,0,0.0
,0,0.0
,0,0.0
,0,0.0
,0,0.0
,0,0.0
,0,0.0
,0,0.0
,0,0.0
,0,0.0
,0,0.0
,0,0.0
,0,0.0
,0,0.0
,0,0.0
,0,0.0
,0,0.0
,0,0.0
,0,0.0
,0,0.0
,0,0.0
,0,0.0
,0,0.0
,0,0.0
,0,0.0
,0,0.0
,0,0.0
,0,0.0
,0,0.0
,0,0.0
,0,0.0
,0,0.0
,0,0.0
,0,0.0
,0,0.0
,0,0.0
,0,0.0
,0,0.0
,0,0.0
,0,0.0
,0,0.0
,0,0.0
,0,0.0
,0,0.0
,0,0.0
,0,0.0
,0,0.0
,0,0.0
,0,0.0
,0,0.0
,0,0.0
,0,0.0
,0,0.0
,0,0.0
,0,0.0
,0,0.0
,0,0.0
,0,0.0
,0,0.0
,0,0.0
,0,0.0
,0,0.0
,0,0.0
,0,0.0
,0,0.0
,0,0.0
,0,0.0
,0,0.0
,0,0.0
,0,0.0
,0,0.0
,0,0.0
,0,0.0
,0,0.0
,0,0.0
,0,0.0
,0,0.0
,0,0.0
,0,0.0
,0,0.0
,0,0.0
,0,0.0
,0,0.0
,0,0.0
,0,0.0
,0,0.0
,0,0.0
,0,0.0
,0,0.0
,0,0.0
,0,0.0
,0,0.0
,0,0.0
,0,0.0
,0,0.0
,0,0.0
,0,0.0
,0,0.0
,0,0.0
,0,0.0
,0,0.0
,0,0.0
,0,0.0
,0,0.0
,0,0.0
,0,0.0
,0,0.0
,0,0.0
,0,0.0
,0,0.0
,0,0.0
,0,0.0
,0,0.0
,0,0.0
,0,0.0
,0,0.0
,0,0.0
,0,0.0
,0,0.0
,0,0.0
,0,0.0
,0,0.0
,0,0.0
,0,0.0
,0,0.0
,0,0.0
,0,0.0
,0,0.0
,0,0.0
,0,0.0
,0,0.0
,0,0.0
,0,0.0
,0,0.0
,0,0.0
,0,0.0
,0,0.0
,0,0.0
,0,0.0
,0,0.0
,0,0.0
,0,0.0
,0,0.0
,0,0.0
,0,0.0
,0,0.0
,0,0.0
,0,0.0
,0,0.0
,0,0.0
,0,0.0
,0,0.0
,0,0.0
,0,0.0
,0,0.0
,0,0.0
,0,0.0
,0,0.0
,0,0.0
,0,0.0
,0,0.0
,0,0.0
,0,0.0
,0,0.0
,0,0.0
,0,0.0
,0,0.0
,0,0.0
,0,0.0
,0,0.0
,0,0.0
,0,0.0
,0,0.0
,0,0.0
,0,0.0
,0,0.0
,0,0.0
,0,0.0
,0,0.0
,0,0.0
,0,0.0
,0,0.0
,0,0.0
,0,0.0
,0,0.0
,0,0.0
,0,0.0
,0,0.0
,0,0.0
,0,0.0
,0,0.0
,0,0.0
,0,0.0
,0,0.0
,0,0.0
,0,0.0
,0,0.0
,0,0.0
,0,0.0
,0,0.0
,0,0.0
,0,0.0
,0,0.0
,0,0.0
,0,0.0
,0,0.0
,0,0.0
,0,0.0
,0,0.0
,0,0.0
,0,0.0
,0,0.0
,0,0.0
,0,0.0
,0,0.0
,0,0.0
,0,0.0
,0,0.0
,0,0.0
,0,0.0
,0,0.0
,0,0.0
,0,0.0
,0,0.0
,0,0.0
,0,0.0
,0,0.0
,0,0.0
,0,0.0
,0,0.0
,0,0.0
,0,0.0
,0,0.0
,0,0.0
,0,0.0
,0,0.0
,0,0.0
,0,0.0
,0,0.0
,0,0.0
,0,0.0
,0,0.0
,0,0.0
,0,0.0
,0,0.0
,0,0.0
,0,0.0
,0,0.0
,0,0.0
,0,0.0
,0,0.0
,0,0.0
,0,0.0
,0,0.0
,0,0.0
,0,0.0
,0,0.0
,0,0.0
,0,0.0
,0,0.0
,0,0.0
,0,0.0
,0,0.0
,0,0.0
,0,0.0
,0,0.0
,0,0.0
,0,0.0
,0,0.0
,0,0.0
,0,0.0
,0,0.0
,0,0.0
,0,0.0
,0,0.0
,0,0.0
,0,0.0
,0,0.0
,0,0.0
,0,0.0
,0,0.0
,0,0.0
,0,0.0
,0,0.0
,0,0.0
,0,0.0
,0,0.0
,0,0.0
,0,0.0
,0,0.0
,0,0.0
,0,0.0
,0,0.0
,0,0.0
,0,0.0
,0,0.0
,0,0.0
,0,0.0
,0,0.0
,0,0.0
,0,0.0
,0,0.0
,0,0.0
,0,0.0
,0,0.0
,0,0.0
,0,0.0
,0,0.0
,0,0.0
,0,0.0
,0,0.0
,0,0.0
,0,0.0
,0,0.0
,0,0.0
,0,0.0
,0,0.0
,0,0.0
,0,0.0
,0,0.0
,0,0.0
,0,0.0
,0,0.0
,0,0.0
,0,0.0
,0,0.0
,0,0.0
,0,0.0
,0,0.0
,0,0.0
,0,0.0
,0,0.0
,0,0.0
,0,0.0
,0,0.0
,0,0.0
,0,0.0
,0,0.0
,0,0.0
,0,0.0
,0,0.0
,0,0.0
,0,0.0
,0,0.0
,0,0.0
,0,0.0
,0,0.0
,0,0.0
,0,0.0
,0,0.0
,0,0.0
,0,0.0
,0,0.0
,0,0.0
,0,0.0
,0,0.0
,0,0.0
,0,0.0
,0,0.0
,0,0.0
,0,0.0
,0,0.0
,0,0.0
,0,0.0
,0,0.0
,0,0.0
,0,0.0
,0,0.0
,0,0.0
,0,0.0
,0,0.0
,0,0.0
,0,0.0
,0,0.0
,0,0.0
,0,0.0
,0,0.0
,0,0.0
,0,0.0
,0,0.0
,0,0.0
,0,0.0
,0,0.0
,0,0.0
,0,0.0
,0,0.0
,0,0.0
,0,0.0
,0,0.0
,0,0.0
,0,0.0
,0,0.0
,0,0.0
,0,0.0
,0,0.0
,0,0.0
,0,0.0
,0,0.0
,0,0.0
,0,0.0
,0,0.0
,0,0.0
,0,0.0
,0,0.0
,0,0.0
,0,0.0
,0,0.0
,0,0.0
,0,0.0
,0,0.0
,0,0.0
,0,0.0
,0,0.0
,0,0.0
,0,0.0
,0,0.0
,0,0.0
,0,0.0
,0,0.0
,0,0.0
,0,0.0
,0,0.0
,0,0.0
,0,0.0
,0,0.0
,0,0.0
,0,0.0
,0,0.0
,0,0.0
,0,0.0
,0,0.0
,0,0.0
,0,0.0
,0,0.0
,0,0.0
,0,0.0
,0,0.0
,0,0.0
,0,0.0
,0,0.0
,0,0.0
,0,0.0
,0,0.0
,0,0.0
,0,0.0
,0,0.0
,0,0.0
,0,0.0
,0,0.0
,0,0.0
,0,0.0
,0,0.0
,0,0.0
,0,0.0
,0,0.0
,0,0.0
,0,0.0
,0,0.0
,0,0.0
,0,0.0
,0,0.0
,0,0.0
,0,0.0
,0,0.0
,0,0.0
,0,0.0
,0,0.0
,0,0.0
,0,0.0
,0,0.0
,0,0.0
,0,0.0
,0,0.0
,0,0.0
,0,0.0
,0,0.0
,0,0.0
,0,0.0
,0,0.0
,0,0.0
,0,0.0
,0,0.0
,0,0.0
,0,0.0
,0,0.0
,0,0.0
,0,0.0
,0,0.0
,0,0.0
,0,0.0
,0,0.0
,0,0.0
,0,0.0
,0,0.0
,0,0.0
,0,0.0
,0,0.0
,0,0.0
,0,0.0
,0,0.0
,0,0.0
,0,0.0
,0,0.0
,0,0.0
,0,0.0
,0,0.0
,0,0.0
,0,0.0
,0,0.0
,0,0.0
,0,0.0
,0,0.0
,0,0.0
,0,0.0
,0,0.0
,0,0.0
,0,0.0
,0,0.0
,0,0.0
,0,0.0
,0,0.0
,0,0.0
,0,0.0
,0,0.0
,0,0.0
,0,0.0
,0,0.0
,0,0.0
,0,0.0
,0,0.0
,0,0.0
,0,0.0
,0,0.0
,0,0.0
,0,0.0
,0,0.0
,0,0.0
,0,0.0
,0,0.0
,0,0.0
,0,0.0
,0,0.0
,0,0.0
,0,0.0
,0,0.0
,0,0.0
,0,0.0
,0,0.0
,0,0.0
,0,0.0
,0,0.0
,0,0.0
,0,0.0
,0,0.0
,0,0.0
,0,0.0
,0,0.0
,0,0.0
,0,0.0
,0,0.0
,0,0.0
,0,0.0
,0,0.0
,0,0.0
,0,0.0
,0,0.0
,0,0.0
,0,0.0
,0,0.0
,0,0.0
,0,0.0
,0,0.0
,0,0.0
,0,0.0
,0,0.0
,0,0.0
,0,0.0
,0,0.0
,0,0.0
,0,0.0
,0,0.0
,0,0.0
,0,0.0
,0,0.0
,0,0.0
,0,0.0
,0,0.0
,0,0.0
,0,0.0
,0,0.0
,0,0.0
,0,0.0
,0,0.0
,0,0.0
,0,0.0
,0,0.0
,0,0.0
,0,0.0
,0,0.0
,0,0.0
,0,0.0
,0,0.0
,0,0.0
,0,0.0
,0,0.0
,0,0.0
,0,0.0
,0,0.0
,0,0.0
,0,0.0
,0,0.0
,0,0.0
,0,0.0
,0,0.0
,0,0.0
,0,0.0
,0,0.0
,0,0.0
,0,0.0
,0,0.0
,0,0.0
,0,0.0
,0,0.0
,0,0.0
,0,0.0
,0,0.0
,0,0.0
,0,0.0
,0,0.0
,0,0.0
,0,0.0
,0,0.0
,0,0.0
,0,0.0
,0,0.0
,0,0.0
,0,0.0
,0,0.0
,0,0.0
,0,0.0
,0,0.0
,0,0.0
,0,0.0
,0,0.0
,0,0.0
,0,0.0
,0,0.0
,0,0.0
,0,0.0
,0,0.0
,0,0.0
,0,0.0
,0,0.0
,0,0.0
,0,0.0
,0,0.0
,0,0.0
,0,0.0
,0,0.0
,0,0.0
,0,0.0
,0,0.0
,0,0.0
,0,0.0
,0,0.0
,0,0.0
,0,0.0
,0,0.0
,0,0.0
,0,0.0
,0,0.0
,0,0.0
,0,0.0
,0,0.0
,0,0.0
,0,0.0
,0,0.0
,0,0.0
,0,0.0
,0,0.0
,0,0.0
,0,0.0
,0,0.0
,0,0.0
,0,0.0
,0,0.0
,0,0.0
,0,0.0
,0,0.0
,0,0.0
,0,0.0
,0,0.0
,0,0.0
,0,0.0
,0,0.0
,0,0.0
,0,0.0
,0,0.0
,0,0.0
,0,0.0
,0,0.0
,0,0.0
,0,0.0
,0,0.0
,0,0.0
,0,0.0
,0,0.0
,0,0.0
,0,0.0
,0,0.0
,0,0.0
,0,0.0
,0,0.0
,0,0.0
,0,0.0
,0,0.0
,0,0.0
,0,0.0
,0,0.0
,0,0.0
,0,0.0
,0,0.0
,0,0.0
,0,0.0
,0,0.0
,0,0.0
,0,0.0
,0,0.0
,0,0.0
,0,0.0
,0,0.0
,0,0.0
,0,0.0
,0,0.0
,0,0.0
,0,0.0
,0,0.0
,0,0.0
,0,0.0
,0,0.0
,0,0.0
,0,0.0
,0,0.0
,0,0.0
,0,0.0
,0,0.0
,0,0.0
,0,0.0
,0,0.0
,0,0.0
,0,0.0
,0,0.0
,0,0.0
,0,0.0
,0,0.0
,0,0.0
,0,0.0
,0,0.0
,0,0.0
,0,0.0
,0,0.0
,0,0.0
,0,0.0
,0,0.0
,0,0.0
,0,0.0
,0,0.0
,0,0.0
,0,0.0
,0,0.0
,0,0.0
,0,0.0
,0,0.0
,0,0.0
,0,0.0
,0,0.0
,0,0.0
,0,0.0
,0,0.0
,0,0.0
,0,0.0
,0,0.0
,0,0.0
,0,0.0
,0,0.0
,0,0.0
,0,0.0
,0,0.0
,0,0.0
,0,0.0
,0,0.0
,0,0.0
,0,0.0
,0,0.0
,0,0.0
,0,0.0
,0,0.0
,0,0.0
,0,0.0
,0,0.0
,0,0.0
,0,0.0
,0,0.0
,0,0.0
,0,0.0
,0,0.0
,0,0.0
,0,0.0
,0,0.0
,0,0.0
,0,0.0
,0,0.0
,0,0.0
,0,0.0
,0,0.0
,0,0.0
,0,0.0
,0,0.0
,0,0.0
,0,0.0
,0,0.0
,0,0.0
,0,0.0
,0,0.0
,0,0.0
,0,0.0
,0,0.0
,0,0.0
,0,0.0
,0,0.0
,0,0.0
,0,0.0
,0,0.0
,0,0.0
,0,0.0
,0,0.0
,0,0.0
,0,0.0
,0,0.0
,0,0.0
,0,0.0
,0,0.0
,0,0.0
,0,0.0
,0,0.0
,0,0.0
,0,0.0
,0,0.0
,0,0.0
,0,0.0
,0,0.0
,0,0.0
,0,0.0
,0,0.0
,0,0.0
,0,0.0
,0,0.0
,0,0.0
,0,0.0
,0,0.0
,0,0.0
,0,0.0
,0,0.0
,0,0.0
,0,0.0
,0,0.0
,0,0.0
,0,0.0
,0,0.0
,0,0.0
,0,0.0
,0,0.0
,0,0.0
,0,0.0
,0,0.0
,0,0.0
,0,0.0
,0,0.0
,0,0.0
,0,0.0
,0,0.0
,0,0.0
,0,0.0
,0,0.0
,0,0.0
,0,0.0
,0,0.0
,0,0.0
,0,0.0
,0,0.0
,0,0.0
,0,0.0
,0,0.0
,0,0.0
,0,0.0
,0,0.0
,0,0.0
,0,0.0
,0,0.0
,0,0.0
,0,0.0
,0,0.0
,0,0.0
,0,0.0
,0,0.0
,0,0.0
,0,0.0
,0,0.0
,0,0.0
,0,0.0
,0,0.0
,0,0.0
,0,0.0
,0,0.0
,0,0.0
,0,0.0
,0,0.0
,0,0.0
,0,0.0
,0,0.0
,0,0.0
,0,0.0
,0,0.0
,0,0.0
,0,0.0
,0,0.0
,0,0.0
,0,0.0
,0,0.0
,0,0.0
,0,0.0
,0,0.0
,0,0.0
,0,0.0
,0,0.0
,0,0.0
,0,0.0
,0,0.0
,0,0.0
,0,0.0
,0,0.0
,0,0.0
,0,0.0
,0,0.0
,0,0.0
,0,0.0
,0,0.0
,0,0.0
,0,0.0
,0,0.0
,0,0.0
,0,0.0
,0,0.0
,0,0.0
,0,0.0
,0,0.0
,0,0.0
,0,0.0
,0,0.0
,0,0.0
,0,0.0
,0,0.0
,0,0.0
,0,0.0
,0,0.0
,0,0.0
,0,0.0
,0,0.0
,0,0.0
,0,0.0
,0,0.0
,0,0.0
,0,0.0
,0,0.0
,0,0.0
,0,0.0
,0,0.0
,0,0.0
,0,0.0
,0,0.0
,0,0.0
,0,0.0
,0,0.0
,0,0.0
,0,0.0
,0,0.0
,0,0.0
,0,0.0
,0,0.0
,0,0.0
,0,0.0
,0,0.0
,0,0.0
,0,0.0
,0,0.0
,0,0.0
,0,0.0
,0,0.0
,0,0.0
,0,0.0
,0,0.0
,0,0.0
,0,0.0
,0,0.0
,0,0.0
,0,0.0
,0,0.0
,0,0.0
,0,0.0
,0,0.0
,0,0.0
,0,0.0
,0,0.0
,0,0.0
,0,0.0
,0,0.0
,0,0.0
,0,0.0
,0,0.0
,0,0.0
,0,0.0
,0,0.0
,0,0.0
,0,0.0
,0,0.0
,0,0.0
,0,0.0
,0,0.0
,0,0.0
,0,0.0
,0,0.0
,0,0.0
,0,0.0
,0,0.0
,0,0.0
,0,0.0
,0,0.0
,0,0.0
,0,0.0
,0,0.0
,0,0.0
,0,0.0
,0,0.0
,0,0.0
,0,0.0
,0,0.0
,0,0.0
,0,0.0
,0,0.0
,0,0.0
,0,0.0
,0,0.0
,0,0.0
,0,0.0
,0,0.0
,0,0.0
,0,0.0
,0,0.0
,0,0.0
,0,0.0
,0,0.0
,0,0.0
,0,0.0
,0,0.0
,0,0.0
,0,0.0
,0,0.0
,0,0.0
,0,0.0
,0,0.0
,0,0.0
,0,0.0
,0,0.0
,0,0.0
,0,0.0
,0,0.0
,0,0.0
,0,0.0
,0,0.0
,0,0.0
,0,0.0
,0,0.0
,0,0.0
,0,0.0
,0,0.0
,0,0.0
,0,0.0
,0,0.0
,0,0.0
,0,0.0
,0,0.0
,0,0.0
,0,0.0
,0,0.0
,0,0.0
,0,0.0
,0,0.0
,0,0.0
,0,0.0
,0,0.0
,0,0.0
,0,0.0
,0,0.0
,0,0.0
,0,0.0
,0,0.0
,0,0.0
,0,0.0
,0,0.0
,0,0.0
,0,0.0
,0,0.0
,0,0.0
,0,0.0
,0,0.0
,0,0.0
,0,0.0
,0,0.0
,0,0.0
,0,0.0
,0,0.0
,0,0.0
,0,0.0
,0,0.0
,0,0.0
,0,0.0
,0,0.0
,0,0.0
,0,0.0
,0,0.0
,0,0.0
,0,0.0
,0,0.0
,0,0.0
,0,0.0
,0,0.0
,0,0.0
,0,0.0
,0,0.0
,0,0.0
,0,0.0
,0,0.0
,0,0.0
,0,0.0
,0,0.0
,0,0.0
,0,0.0
,0,0.0
,0,0.0
,0,0.0
,0,0.0
,0,0.0
,0,0.0
,0,0.0
,0,0.0
,0,0.0
,0,0.0
,0,0.0
,0,0.0
,0,0.0
,0,0.0
,0,0.0
,0,0.0
,0,0.0
,0,0.0
,0,0.0
,0,0.0
,0,0.0
,0,0.0
,0,0.0
,0,0.0
,0,0.0
,0,0.0
,0,0.0
,0,0.0
,0,0.0
,0,0.0
,0,0.0
,0,0.0
,0,0.0
,0,0.0
,0,0.0
,0,0.0
,0,0.0
,0,0.0
,0,0.0
,0,0.0
,0,0.0
,0,0.0
,0,0.0
,0,0.0
,0,0.0
,0,0.0
,0,0.0
,0,0.0
,0,0.0
,0,0.0
,0,0.0
,0,0.0
,0,0.0
,0,0.0
,0,0.0
,0,0.0
,0,0.0
,0,0.0
,0,0.0
,0,0.0
,0,0.0
,0,0.0
,0,0.0
,0,0.0
,0,0.0
,0,0.0
,0,0.0
,0,0.0
,0,0.0
,0,0.0
,0,0.0
,0,0.0
,0,0.0
,0,0.0
,0,0.0
,0,0.0
,0,0.0
,0,0.0
,0,0.0
,0,0.0
,0,0.0
,0,0.0
,0,0.0
,0,0.0
,0,0.0
,0,0.0
,0,0.0
,0,0.0
,0,0.0
,0,0.0
,0,0.0
,0,0.0
,0,0.0
,0,0.0
,0,0.0
,0,0.0
,0,0.0
,0,0.0
,0,0.0
,0,0.0
,0,0.0
,0,0.0
,0,0.0
,0,0.0
,0,0.0
,0,0.0
,0,0.0
,0,0.0
,0,0.0
,0,0.0
,0,0.0
,0,0.0
,0,0.0
,0,0.0
,0,0.0
,0,0.0
,0,0.0
,0,0.0
,0,0.0
,0,0.0
,0,0.0
,0,0.0
,0,0.0
,0,0.0
,0,0.0
,0,0.0
,0,0.0
,0,0.0
,0,0.0
,0,0.0
,0,0.0
,0,0.0
,0,0.0
,0,0.0
,0,0.0
,0,0.0
,0,0.0
,0,0.0
,0,0.0
,0,0.0
,0,0.0
,0,0.0
,0,0.0
,0,0.0
,0,0.0
,0,0.0
,0,0.0
,0,0.0
,0,0.0
,0,0.0
,0,0.0
,0,0.0
,0,0.0
,0,0.0
,0,0.0
,0,0.0
,0,0.0
,0,0.0
,0,0.0
,0,0.0
,0,0.0
,0,0.0
,0,0.0
,0,0.0
,0,0.0
,0,0.0
,0,0.0
,0,0.0
,0,0.0
,0,0.0
,0,0.0
,0,0.0
,0,0.0
,0,0.0
,0,0.0
,0,0.0
,0,0.0
,0,0.0
,0,0.0
,0,0.0
,0,0.0
,0,0.0
,0,0.0
,0,0.0
,0,0.0
,0,0.0
,0,0.0
,0,0.0
,0,0.0
,0,0.0
,0,0.0
,0,0.0
,0,0.0
,0,0.0
,0,0.0
,0,0.0
,0,0.0
,0,0.0
,0,0.0
,0,0.0
,0,0.0
,0,0.0
,0,0.0
,0,0.0
,0,0.0
,0,0.0
,0,0.0
,0,0.0
,0,0.0
,0,0.0
,0,0.0
,0,0.0
,0,0.0
,0,0.0
,0,0.0
,0,0.0
,0,0.0
,0,0.0
,0,0.0
,0,0.0
,0,0.0
,0,0.0
,0,0.0
,0,0.0
,0,0.0
,0,0.0
,0,0.0
,0,0.0
,0,0.0
,0,0.0
,0,0.0
,0,0.0
,0,0.0
,0,0.0
,0,0.0
,0,0.0
,0,0.0
,0,0.0
,0,0.0
,0,0.0
,0,0.0
,0,0.0
,0,0.0
,0,0.0
,0,0.0
,0,0.0
,0,0.0
,0,0.0
,0,0.0
,0,0.0
,0,0.0
,0,0.0
,0,0.0
,0,0.0
,0,0.0
,0,0.0
,0,0.0
,0,0.0
,0,0.0
,0,0.0
,0,0.0
,0,0.0
,0,0.0
,0,0.0
,0,0.0
,0,0.0
,0,0.0
,0,0.0
,0,0.0
,0,0.0
,0,0.0
,0,0.0
,0,0.0
,0,0.0
,0,0.0
,0,0.0
,0,0.0
,0,0.0
,0,0.0
,0,0.0
,0,0.0
,0,0.0
,0,0.0
,0,0.0
,0,0.0
,0,0.0
,0,0.0
,0,0.0
,0,0.0
,0,0.0
,0,0.0
,0,0.0
,0,0.0
,0,0.0
,0,0.0
,0,0.0
,0,0.0
,0,0.0
,0,0.0
,0,0.0
,0,0.0
,0,0.0
,0,0.0
,0,0.0
,0,0.0
,0,0.0
,0,0.0
,0,0.0
,0,0.0
,0,0.0
,0,0.0
,0,0.0
,0,0.0
,0,0.0
,0,0.0
,0,0.0
,0,0.0
,0,0.0
,0,0.0
,0,0.0
,0,0.0
,0,0.0
,0,0.0
,0,0.0
,0,0.0
,0,0.0
,0,0.0
,0,0.0
,0,0.0
,0,0.0
,0,0.0
,0,0.0
,0,0.0
,0,0.0
,0,0.0
,0,0.0
,0,0.0
,0,0.0
,0,0.0
,0,0.0
,0,0.0
,0,0.0
,0,0.0
,0,0.0
,0,0.0
,0,0.0
,0,0.0
,0,0.0
,0,0.0
,0,0.0
,0,0.0
,0,0.0
,0,0.0
,0,0.0
,0,0.0
,0,0.0
,0,0.0
,0,0.0
,0,0.0
,0,0.0
,0,0.0
,0,0.0
,0,0.0
,0,0.0
,0,0.0
,0,0.0
,0,0.0
,0,0.0
,0,0.0
,0,0.0
,0,0.0
,0,0.0
,0,0.0
,0,0.0
,0,0.0
,0,0.0
,0,0.0
,0,0.0
,0,0.0
,0,0.0
,0,0.0
,0,0.0
,0,0.0
,0,0.0
,0,0.0
,0,0.0
,0,0.0
,0,0.0
,0,0.0
,0,0.0
,0,0.0
,0,0.0
,0,0.0
,0,0.0
,0,0.0
,0,0.0
,0,0.0
,0,0.0
,0,0.0
,0,0.0
,0,0.0
,0,0.0
,0,0.0
,0,0.0
,0,0.0
,0,0.0
,0,0.0
,0,0.0
,0,0.0
,0,0.0
,0,0.0
,0,0.0
,0,0.0
,0,0.0
,0,0.0
,0,0.0
,0,0.0
,0,0.0
,0,0.0
,0,0.0
,0,0.0
,0,0.0
,0,0.0
,0,0.0
,0,0.0
,0,0.0
,0,0.0
,0,0.0
,0,0.0
,0,0.0
,0,0.0
,0,0.0
,0,0.0
,0,0.0
,0,0.0
,0,0.0
,0,0.0
,0,0.0
,0,0.0
,0,0.0
,0,0.0
,0,0.0
,0,0.0
,0,0.0
,0,0.0
,0,0.0
,0,0.0
,0,0.0
,0,0.0
,0,0.0
,0,0.0
,0,0.0
,0,0.0
,0,0.0
,0,0.0
,0,0.0
,0,0.0
,0,0.0
,0,0.0
,0,0.0
,0,0.0
,0,0.0
,0,0.0
,0,0.0
,0,0.0
,0,0.0
,0,0.0
,0,0.0
,0,0.0
,0,0.0
,0,0.0
,0,0.0
,0,0.0
,0,0.0
,0,0.0
,0,0.0
,0,0.0
,0,0.0
,0,0.0
,0,0.0
,0,0.0
,0,0.0
,0,0.0
,0,0.0
,0,0.0
,0,0.0
,0,0.0
,0,0.0
,0,0.0
,0,0.0
,0,0.0
,0,0.0
,0,0.0
,0,0.0
,0,0.0
,0,0.0
,0,0.0
,0,0.0
,0,0.0
,0,0.0
,0,0.0
,0,0.0
,0,0.0
,0,0.0
,0,0.0
,0,0.0
,0,0.0
,0,0.0
,0,0.0
,0,0.0
,0,0.0
,0,0.0
,0,0.0
,0,0.0
,0,0.0
,0,0.0
,0,0.0
,0,0.0
,0,0.0
,0,0.0
,0,0.0
,0,0.0
,0,0.0
,0,0.0
,0,0.0
,0,0.0
,0,0.0
,0,0.0
,0,0.0
,0,0.0
,0,0.0
,0,0.0
,0,0.0
,0,0.0
,0,0.0
,0,0.0
,0,0.0
,0,0.0
,0,0.0
,0,0.0
,0,0.0
,0,0.0
,0,0.0
,0,0.0
,0,0.0
,0,0.0
,0,0.0
,0,0.0
,0,0.0
,0,0.0
,0,0.0
,0,0.0
,0,0.0
,0,0.0
,0,0.0
,0,0.0
,0,0.0
,0,0.0
,0,0.0
,0,0.0
,0,0.0
,0,0.0
,0,0.0
,0,0.0
,0,0.0
,0,0.0
,0,0.0
,0,0.0
,0,0.0
,0,0.0
,0,0.0
,0,0.0
,0,0.0
,0,0.0
,0,0.0
,0,0.0
,0,0.0
,0,0.0
,0,0.0
,0,0.0
,0,0.0
,0,0.0
,0,0.0
,0,0.0
,0,0.0
,0,0.0
,0,0.0
,0,0.0
,0,0.0
,0,0.0
,0,0.0
,0,0.0
,0,0.0
,0,0.0
,0,0.0
,0,0.0
,0,0.0
,0,0.0
,0,0.0
,0,0.0
,0,0.0
,0,0.0
,0,0.0
,0,0.0
,0,0.0
,0,0.0
,0,0.0
,0,0.0
,0,0.0
,0,0.0
,0,0.0
,0,0.0
,0,0.0
,0,0.0
,0,0.0
,0,0.0
,0,0.0
,0,0.0
,0,0.0
,0,0.0
,0,0.0
,0,0.0
,0,0.0
,0,0.0
,0,0.0
,0,0.0
,0,0.0
,0,0.0
,0,0.0
,0,0.0
,0,0.0
,0,0.0
,0,0.0
,0,0.0
,0,0.0
,0,0.0
,0,0.0
,0,0.0
,0,0.0
,0,0.0
,0,0.0
,0,0.0
,0,0.0
,0,0.0
,0,0.0
,0,0.0
,0,0.0
,0,0.0
,0,0.0
,0,0.0
,0,0.0
,0,0.0
,0,0.0
,0,0.0
,0,0.0
,0,0.0
,0,0.0
,0,0.0
,0,0.0
,0,0.0
,0,0.0
,0,0.0
,0,0.0
,0,0.0
,0,0.0
,0,0.0
,0,0.0
,0,0.0
,0,0.0
,0,0.0
,0,0.0
,0,0.0
,0,0.0
,0,0.0
,0,0.0
,0,0.0
,0,0.0
,0,0.0
,0,0.0
,0,0.0
,0,0.0
,0,0.0
,0,0.0
,0,0.0
,0,0.0
,0,0.0
,0,0.0
,0,0.0
,0,0.0
,0,0.0
,0,0.0
,0,0.0
,0,0.0
,0,0.0
,0,0.0
,0,0.0
,0,0.0
,0,0.0
,0,0.0
,0,0.0
,0,0.0
,0,0.0
,0,0.0
,0,0.0
,0,0.0
,0,0.0
,0,0.0
,0,0.0
,0,0.0
,0,0.0
,0,0.0
,0,0.0
,0,0.0
,0,0.0
,0,0.0
,0,0.0
,0,0.0
,0,0.0
,0,0.0
,0,0.0
,0,0.0
,0,0.0
,0,0.0
,0,0.0
,0,0.0
,0,0.0
,0,0.0
,0,0.0
,0,0.0
,0,0.0
,0,0.0
,0,0.0
,0,0.0
,0,0.0
,0,0.0
,0,0.0
,0,0.0
,0,0.0
,0,0.0
,0,0.0
,0,0.0
,0,0.0
,0,0.0
,0,0.0
,0,0.0
,0,0.0
,0,0.0
,0,0.0
,0,0.0
,0,0.0
,0,0.0
,0,0.0
,0,0.0
,0,0.0
,0,0.0
,0,0.0
,0,0.0
,0,0.0
,0,0.0
,0,0.0
,0,0.0
,0,0.0
,0,0.0
,0,0.0
,0,0.0
,0,0.0
,0,0.0
,0,0.0
,0,0.0
,0,0.0
,0,0.0
,0,0.0
,0,0.0
,0,0.0
,0,0.0
,0,0.0
,0,0.0
,0,0.0
,0,0.0
,0,0.0
,0,0.0
,0,0.0
,0,0.0
,0,0.0
,0,0.0
,0,0.0
,0,0.0
,0,0.0
,0,0.0
,0,0.0
,0,0.0
,0,0.0
,0,0.0
,0,0.0
,0,0.0
,0,0.0
,0,0.0
,0,0.0
,0,0.0
,0,0.0
,0,0.0
,0,0.0
,0,0.0
,0,0.0
,0,0.0
,0,0.0
,0,0.0
,0,0.0
,0,0.0
,0,0.0
,0,0.0
,0,0.0
,0,0.0
,0,0.0
,0,0.0
,0,0.0
,0,0.0
,0,0.0
,0,0.0
,0,0.0
,0,0.0
,0,0.0
,0,0.0
,0,0.0
,0,0.0
,0,0.0
,0,0.0
,0,0.0
,0,0.0
,0,0.0
,0,0.0
,0,0.0
,0,0.0
,0,0.0
,0,0.0
,0,0.0
,0,0.0
,0,0.0
,0,0.0
,0,0.0
,0,0.0
,0,0.0
,0,0.0
,0,0.0
,0,0.0
,0,0.0
,0,0.0
,0,0.0
,0,0.0
,0,0.0
,0,0.0
,0,0.0
,0,0.0
,0,0.0
,0,0.0
,0,0.0
,0,0.0
,0,0.0
,0,0.0
,0,0.0
,0,0.0
,0,0.0
,0,0.0
,0,0.0
,0,0.0
,0,0.0
,0,0.0
,0,0.0
,0,0.0
,0,0.0
,0,0.0
,0,0.0
,0,0.0
,0,0.0
,0,0.0
,0,0.0
,0,0.0
,0,0.0
,0,0.0
,0,0.0
,0,0.0
,0,0.0
,0,0.0
,0,0.0
,0,0.0
,0,0.0
,0,0.0
,0,0.0
,0,0.0
,0,0.0
,0,0.0
,0,0.0
,0,0.0
,0,0.0
,0,0.0
,0,0.0
,0,0.0
,0,0.0
,0,0.0
,0,0.0
,0,0.0
,0,0.0
,0,0.0
,0,0.0
,0,0.0
,0,0.0
,0,0.0
,0,0.0
,0,0.0
,0,0.0
,0,0.0
,0,0.0
,0,0.0
,0,0.0
,0,0.0
,0,0.0
,0,0.0
,0,0.0
,0,0.0
,0,0.0
,0,0.0
,0,0.0
,0,0.0
,0,0.0
,0,0.0
,0,0.0
,0,0.0
,0,0.0
,0,0.0
,0,0.0
,0,0.0
,0,0.0
,0,0.0
,0,0.0
,0,0.0
,0,0.0
,0,0.0
,0,0.0
,0,0.0
,0,0.0
,0,0.0
,0,0.0
,0,0.0
,0,0.0
,0,0.0
,0,0.0
,0,0.0
,0,0.0
,0,0.0
,0,0.0
,0,0.0
,0,0.0
,0,0.0
,0,0.0
,0,0.0
,0,0.0
,0,0.0
,0,0.0
,0,0.0
,0,0.0
,0,0.0
,0,0.0
,0,0.0
,0,0.0
,0,0.0
,0,0.0
,0,0.0
,0,0.0
,0,0.0
,0,0.0
,0,0.0
,0,0.0
,0,0.0
,0,0.0
,0,0.0
,0,0.0
,0,0.0
,0,0.0
,0,0.0
,0,0.0
,0,0.0
,0,0.0
,0,0.0
,0,0.0
,0,0.0
,0,0.0
,0,0.0
,0,0.0
,0,0.0
,0,0.0
,0,0.0
,0,0.0
419.13383789375433,0,0.0
399.83926688407985,0,0.0
389.3767964397037,1,0.0
394.59246503894144,0,0.0
,0,0.0
,0,0.0
,0,0.0
,0,0.0
,0,0.0
,0,0.0
,0,0.0
,0,0.0
,0,0.0
,0,0.0
,0,0.0
,0,0.0
,0,0.0
,0,0.0
,0,0.0
,0,0.0
,0,0.0
,0,0.0
,0,0.0
,0,0.0
,0,0.0
,0,0.0
,0,0.0
,0,0.0
,0,0.0
,0,0.0
,0,0.0
,0,0.0
,0,0.0
,0,0.0
,0,0.0
,0,0.0
,0,0.0
,0,0.0
,0,0.0
,0,0.0
,0,0.0
,0,0.0
,0,0.0
,0,0.0
,0,0.0
,0,0.0
,0,0.0
,0,0.0
,0,0.0
,0,0.0
,0,0.0
,0,0.0
,0,0.0
,0,0.0
,0,0.0
,0,0.0
,0,0.0
,0,0.0
,0,0.0
,0,0.0
,0,0.0
,0,0.0
,0,0.0
,0,0.0
,0,0.0
,0,0.0
,0,0.0
,0,0.0
,0,0.0
,0,0.0
,0,0.0
,0,0.0
,0,0.0
,0,0.0
,0,0.0
,0,0.0
,0,0.0
,0,0.0
,0,0.0
,0,0.0
,0,0.0
,0,0.0
,0,0.0
,0,0.0
,0,0.0
,0,0.0
,0,0.0
,0,0.0
,0,0.0
,0,0.0
,0,0.0
,0,0.0
,0,0.0
,0,0.0
,0,0.0
,0,0.0
,0,0.0
,0,0.0
,0,0.0
,0,0.0
,0,0.0
,0,0.0
,0,0.0
,0,0.0
,0,0.0
,0,0.0
,0,0.0
,0,0.0
,0,0.0
,0,0.0
,0,0.0
,0,0.0
,0,0.0
,0,0.0
,0,0.0
,0,0.0
,0,0.0
,0,0.0
,0,0.0
,0,0.0
,0,0.0
,0,0.0
,0,0.0
,0,0.0
,0,0.0
,0,0.0
,0,0.0
,0,0.0
,0,0.0
,0,0.0
,0,0.0
,0,0.0
,0,0.0
,0,0.0
,0,0.0
,0,0.0
,0,0.0
,0,0.0
,0,0.0
,0,0.0
,0,0.0
,0,0.0
,0,0.0
,0,0.0
,0,0.0
,0,0.0
,0,0.0
,0,0.0
,0,0.0
,0,0.0
,0,0.0
,0,0.0
,0,0.0
,0,0.0
,0,0.0
,0,0.0
,0,0.0
,0,0.0
,0,0.0
,0,0.0
,0,0.0
,0,0.0
,0,0.0
,0,0.0
,0,0.0
,0,0.0
,0,0.0
,0,0.0
,0,0.0
,0,0.0
,0,0.0
,0,0.0
,0,0.0
,0,0.0
,0,0.0
,0,0.0
,0,0.0
,0,0.0
,0,0.0
,0,0.0
,0,0.0
,0,0.0
,0,0.0
,0,0.0
,0,0.0
,0,0.0
,0,0.0
,0,0.0
,0,0.0
,0,0.0
,0,0.0
,0,0.0
,0,0.0
,0,0.0
,0,0.0
,0,0.0
,0,0.0
,0,0.0
,0,0.0
,0,0.0
,0,0.0
,0,0.0
,0,0.0
,0,0.0
,0,0.0
,0,0.0
,0,0.0
,0,0.0
,0,0.0
,0,0.0
,0,0.0
,0,0.0
,0,0.0
,0,0.0
,0,0.0
,0,0.0
,0,0.0
,0,0.0
,0,0.0
,0,0.0
,0,0.0
,0,0.0
,0,0.0
,0,0.0
,0,0.0
,0,0.0
,0,0.0
,0,0.0
,0,0.0
,0,0.0
,0,0.0
,0,0.0
,0,0.0
,0,0.0
,0,0.0
,0,0.0
,0,0.0
,0,0.0
,0,0.0
,0,0.0
,0,0.0
,0,0.0
,0,0.0
,0,0.0
,0,0.0
,0,0.0
,0,0.0
,0,0.0
,0,0.0
,0,0.0
,0,0.0
,0,0.0
,0,0.0
,0,0.0
,0,0.0
,0,0.0
,0,0.0
,0,0.0
,0,0.0
,0,0.0
,0,0.0
,0,0.0
,0,0.0
,0,0.0
,0,0.0
,0,0.0
,0,0.0
,0,0.0
,0,0.0
,0,0.0
,0,0.0
,0,0.0
,0,0.0
,0,0.0
,0,0.0
,0,0.0
,0,0.0
,0,0.0
,0,0.0
,0,0.0
,0,0.0
,0,0.0
,0,0.0
,0,0.0
,0,0.0
,0,0.0
,0,0.0
,0,0.0
,0,0.0
,0,0.0
,0,0.0
,0,0.0
,0,0.0
,0,0.0
,0,0.0
,0,0.0
,0,0.0
,0,0.0
,0,0.0
,0,0.0
511.06100137446344,0,0.0
512.3953702483382,0,0.0
513.4340542369667,0,0.0
511.67521943652906,0,0.0
511.90029069961946,0,0.0
512.3208876216108,0,0.0
513.1313060302683,0,0.0
511.1011973809213,0,0.0
512.4092622327083,0,0.0
513.2718403671333,0,0.0
512.7754426458589,0,0.0
511.3381280006654,0,0.0
512.1963471690259,0,0.0
513.7291503495811,0,0.0
512.2449894741975,0,0.0
512.3669234771447,0,0.0
512.3086572274836,0,0.0
511.3477643736241,0,0.0
512.4203187693505,0,0.0
513.4561681175178,0,0.0
,0,0.0
,0,0.0
,0,0.0
,0,0.0
,0,0.0
,0,0.0
,0,0.0
,0,0.0
,0,0.0
,0,0.0
511.3264595104564,0,0.0
512.3552484010489,0,0.0
513.2787069640034,0,0.0
512.1602600195622,0,0.0
511.42590570327707,0,0.0
512.6943397751791,0,0.0
513.0334694400965,0,0.0
511.51706518020904,0,0.0
512.3152531975294,0,0.0
513.1621036900934,0,0.0
512.5519226372587,0,0.0
511.68227196596507,0,0.0
512.3217729161131,0,0.0
513.597152152452,0,0.0
512.3985193199433,0,0.0
512.6030526171287,0,0.0
511.75000079761116,0,0.0
513.1281928291834,0,0.0
,0,0.0
,0,0.0
,0,0.0
,0,0.0
,0,0.0
,0,0.0
,0,0.0
,0,0.0
259.98335481713127,0,0.0
525.5605992550397,0,0.0
506.1885413794095,0,0.0
,0,0.0
511.0246720537133,0,0.0
512.3129029218283,0,0.0
512.8608462939042,0,0.0
509.326381453397,0,0.0
512.4620742405093,0,0.0
513.2030434952675,0,0.0
513.0331363757214,0,0.0
510.4959478304554,0,0.0
512.3822562963168,0,0.0
514.1881696835185,0,0.0
512.7154050798373,0,0.0
510.57563157441507,0,0.0
512.0323737821432,0,0.0
513.3841786864217,0,0.0
513.2774287992302,0,0.0
512.6069652133441,0,0.0
513.6225532338935,0,0.0
513.9977693905157,0,0.0
,0,0.0
,0,0.0
512.5642235331724,0,0.0
512.0474973872606,0,0.0
512.7944375628516,0,0.0
512.3350690676078,0,0.0
512.9486537479203,0,0.0
385.2360394594449,0,0.0
256.1579843289584,0,0.0
,0,0.0
,0,0.0
,0,0.0
,0,0.0
,0,0.0
,0,0.0
,0,0.0
,0,0.0
,0,0.0
,0,0.0
,0,0.0
,0,0.0
,0,0.0
,0,0.0
,0,0.0
,0,0.0
,0,0.0
,0,0.0
,0,0.0
,0,0.0
,0,0.0
,0,0.0
,0,0.0
,0,0.0
,0,0.0
,0,0.0
,0,0.0
,0,0.0
,0,0.0
,0,0.0
,0,0.0
,0,0.0
,0,0.0
,0,0.0
,0,0.0
,0,0.0
,0,0.0
,0,0.0
,0,0.0
,0,0.0
,0,0.0
,0,0.0
,0,0.0
511.22644647329855,0,0.0
512.3120648014825,0,0.0
512.0752979170306,0,0.0
512.7530822384607,0,0.0
511.8680219725665,0,0.0
512.7537868479708,0,0.0
511.7016096286634,0,0.0
512.4385644800578,0,0.0
511.5230367162228,0,0.0
513.070623898681,0,0.0
,0,0.0
,0,0.0
,0,0.0
,0,0.0
,0,0.0
,0,0.0
,0,0.0
,0,0.0
,0,0.0
,0,0.0
,0,0.0
,0,0.0
,0,0.0
,0,0.0
,0,0.0
,0,0.0
,0,0.0
,0,0.0
,0,0.0
,0,0.0
,0,0.0
,0,0.0
,0,0.0
,0,0.0
,0,0.0
,0,0.0
446.44010004830454,0,0.4166666666666667
418.0357080735773,0,0.8181818181818182
427.9488844889031,0,0.8181818181818182
,0,0.0
,0,0.0
,0,0.0
,0,0.0
,0,0.0
,0,0.0
,0,0.0
,0,0.0
,0,0.0
,0,0.0
,0,0.0
,0,0.0
,0,0.0
,0,0.0
,0,0.0
,0,0.0
,0,0.0
,0,0.0
,0,0.0
,0,0.0
,0,0.0
,0,0.0
,0,0.0
,0,0.0
,0,0.0
,0,0.0
,0,0.0
,0,0.0
,0,0.0
,0,0.0
,0,0.0
,0,0.0
,0,0.0
,0,0.0
,0,0.0
,0,0.0
,0,0.0
,0,0.0
,0,0.0
,0,0.0
,0,0.0
,0,0.0
,0,0.0
,0,0.0
,0,0.0
,0,0.0
,0,0.0
,0,0.0
,0,0.0
,0,0.0
,0,0.0
,0,0.0
,0,0.0
,0,0.0
,0,0.0
,0,0.0
,0,0.0
,0,0.0
,0,0.0
,0,0.0
,0,0.0
,0,0.0
,0,0.0
,0,0.0
,0,0.0
,0,0.0
,0,0.0
,0,0.0
,0,0.0
,0,0.0
,0,0.0
,0,0.0
,0,0.0
,0,0.0
,0,0.0
,0,0.0
,0,0.0
,0,0.0
,0,0.0
,0,0.0
,0,0.0
,0,0.0
,0,0.0
,0,0.0
,0,0.0
,0,0.0
,0,0.0
,0,0.0
,0,0.0
,0,0.0
,0,0.0
,0,0.0
,0,0.0
,0,0.0
,0,0.0
,0,0.0
,0,0.0
,0,0.0
,0,0.0
,0,0.0
,0,0.0
,0,0.0
,0,0.0
,0,0.0
,0,0.0
,0,0.0
,0,0.0
,0,0.0
,0,0.0
,0,0.0
,0,0.0
,0,0.0
,0,0.0
,0,0.0
,0,0.0
,0,0.0
,0,0.0
,0,0.0
,0,0.0
,0,0.0
,0,0.0
,0,0.0
,0,0.0
,0,0.0
,0,0.0
,0,0.0
,0,0.0
,0,0.0
,0,0.0
,0,0.0
,0,0.0
,0,0.0
,0,0.0
,0,0.0
,0,0.0
,0,0.0
,0,0.0
,0,0.0
,0,0.0
,0,0.0
,0,0.0
,0,0.0
,0,0.0
,0,0.0
,0,0.0
,0,0.0
,0,0.0
,0,0.0
,0,0.0
,0,0.0
,0,0.0
,0,0.0
,0,0.0
,0,0.0
,0,0.0
,0,0.0
,0,0.0
,0,0.0
,0,0.0
,0,0.0
,0,0.0
,0,0.0
,0,0.0
,0,0.0
,0,0.0
,0,0.0
,0,0.0
,0,0.0
,0,0.0
,0,0.0
,0,0.0
,0,0.0
,0,0.0
,0,0.0
,0,0.0
,0,0.0
,0,0.0
,0,0.0
,0,0.0
,0,0.0
,0,0.0
,0,0.0
,0,0.0
,0,0.0
,0,0.0
,0,0.0
,0,0.0
,0,0.0
,0,0.0
,0,0.0
,0,0.0
,0,0.0
,0,0.0
,0,0.0
,0,0.0
,0,0.0
,0,0.0
,0,0.0
,0,0.0
,0,0.0
,0,0.0
,0,0.0
,0,0.0
,0,0.0
,0,0.0
,0,0.0
,0,0.0
,0,0.0
,0,0.0
,0,0.0
,0,0.0
,0,0.0
,0,0.0
,0,0.0
,0,0.0
,0,0.0
,0,0.0
,0,0.0
,0,0.0
,0,0.0
,0,0.0
,0,0.0
,0,0.0
,0,0.0
,0,0.0
,0,0.0
,0,0.0
,0,0.0
,0,0.0
,0,0.0
,0,0.0
,0,0.0
,0,0.0
,0,0.0
,0,0.0
,0,0.0
,0,0.0
,0,0.0
,0,0.0
,0,0.0
,0,0.0
,0,0.0
,0,0.0
,0,0.0
,0,0.0
,0,0.0
,0,0.0
,0,0.0
,0,0.0
,0,0.0
,0,0.0
,0,0.0
,0,0.0
,0,0.0
,0,0.0
,0,0.0
,0,0.0
,0,0.0
,0,0.0
,0,0.0
,0,0.0
,0,0.0
,0,0.0
,0,0.0
,0,0.0
,0,0.0
,0,0.0
,0,0.0
,0,0.0
,0,0.0
,0,0.0
,0,0.0
,0,0.0
,0,0.0
,0,0.0
,0,0.0
,0,0.0
,0,0.0
,0,0.0
,0,0.0
,0,0.0
,0,0.0
,0,0.0
,0,0.0
,0,0.0
,0,0.0
,0,0.0
,0,0.0
,0,0.0
,0,0.0
,0,0.0
,0,0.0
,0,0.0
,0,0.0
,0,0.0
,0,0.0
,0,0.0
,0,0.0
,0,0.0
,0,0.0
,0,0.0
,0,0.0
,0,0.0
,0,0.0
,0,0.0
,0,0.0
,0,0.0
,0,0.0
,0,0.0
,0,0.0
,0,0.0
,0,0.0
,0,0.0
,0,0.0
,0,0.0
,0,0.0
,0,0.0
,0,0.0
,0,0.0
,0,0.0
,0,0.0
,0,0.0
,0,0.0
,0,0.0
,0,0.0
,0,0.0
,0,0.0
,0,0.0
,0,0.0
,0,0.0
,0,0.0
,0,0.0
,0,0.0
,0,0.0
,0,0.0
,0,0.0
,0,0.0
,0,0.0
,0,0.0
,0,0.0
,0,0.0
,0,0.0
,0,0.0
,0,0.0
,0,0.0
,0,0.0
,0,0.0
,0,0.0
,0,0.0
,0,0.0
,0,0.0
,0,0.0
,0,0.0
,0,0.0
,0,0.0
,0,0.0
,0,0.0
,0,0.0
,0,0.0
,0,0.0
,0,0.0
,0,0.0
,0,0.0
,0,0.0
,0,0.0
,0,0.0
,0,0.0
,0,0.0
,0,0.0
,0,0.0
,0,0.0
,0,0.0
,0,0.0
,0,0.0
,0,0.0
,0,0.0
,0,0.0
,0,0.0
,0,0.0
,0,0.0
,0,0.0
,0,0.0
,0,0.0
,0,0.0
,0,0.0
,0,0.0
,0,0.0
,0,0.0
,0,0.0
,0,0.0
,0,0.0
,0,0.0
,0,0.0
,0,0.0
,0,0.0
,0,0.0
,0,0.0
,0,0.0
,0,0.0
,0,0.0
,0,0.0
,0,0.0
,0,0.0
,0,0.0
,0,0.0
,0,0.0
,0,0.0
,0,0.0
,0,0.0
,0,0.0
,0,0.0
,0,0.0
,0,0.0
,0,0.0
,0,0.0
,0,0.0
,0,0.0
,0,0.0
,0,0.0
,0,0.0
,0,0.0
,0,0.0
,0,0.0
,0,0.0
,0,0.0
,0,0.0
,0,0.0
,0,0.0
,0,0.0
,0,0.0
,0,0.0
,0,0.0
,0,0.0
,0,0.0
,0,0.0
,0,0.0
,0,0.0
,0,0.0
,0,0.0
,0,0.0
,0,0.0
,0,0.0
,0,0.0
,0,0.0
,0,0.0
,0,0.0
,0,0.0
,0,0.0
,0,0.0
,0,0.0
,0,0.0
,0,0.0
,0,0.0
,0,0.0
,0,0.0
,0,0.0
,0,0.0
,0,0.0
,0,0.0
,0,0.0
,0,0.0
,0,0.0
,0,0.0
,0,0.0
,0,0.0
,0,0.0
,0,0.0
,0,0.0
,0,0.0
,0,0.0
,0,0.0
,0,0.0
,0,0.0
,0,0.0
,0,0.0
,0,0.0
,0,0.0
,0,0.0
,0,0.0
,0,0.0
,0,0.0
,0,0.0
,0,0.0
,0,0.0
,0,0.0
,0,0.0
,0,0.0
,0,0.0
,0,0.0
,0,0.0
,0,0.0
,0,0.0
,0,0.0
,0,0.0
,0,0.0
,0,0.0
,0,0.0
,0,0.0
,0,0.0
,0,0.0
,0,0.0
,0,0.0
,0,0.0
,0,0.0
,0,0.0
,0,0.0
,0,0.0
,0,0.0
,0,0.0
,0,0.0
,0,0.0
,0,0.0
,0,0.0
,0,0.0
,0,0.0
,0,0.0
,0,0.0
,0,0.0
,0,0.0
,0,0.0
,0,0.0
,0,0.0
,0,0.0
,0,0.0
,0,0.0
,0,0.0
,0,0.0
,0,0.0
,0,0.0
,0,0.0
,0,0.0
,0,0.0
,0,0.0
,0,0.0
,0,0.0
,0,0.0
,0,0.0
,0,0.0
,0,0.0
,0,0.0
,0,0.0
,0,0.0
,0,0.0
,0,0.0
,0,0.0
,0,0.0
,0,0.0
,0,0.0
,0,0.0
,0,0.0
,0,0.0
,0,0.0
,0,0.0
,0,0.0
,0,0.0
,0,0.0
,0,0.0
,0,0.0
,0,0.0
,0,0.0
,0,0.0
,0,0.0
,0,0.0
,0,0.0
,0,0.0
,0,0.0
,0,0.0
,0,0.0
,0,0.0
,0,0.0
,0,0.0
,0,0.0
,0,0.0
,0,0.0
,0,0.0
,0,0.0
,0,0.0
,0,0.0
,0,0.0
,0,0.0
,0,0.0
,0,0.0
,0,0.0
,0,0.0
,0,0.0
,0,0.0
,0,0.0
,0,0.0
,0,0.0
,0,0.0
,0,0.0
,0,0.0
,0,0.0
,0,0.0
,0,0.0
,0,0.0
,0,0.0
,0,0.0
,0,0.0
,0,0.0
,0,0.0
,0,0.0
,0,0.0
,0,0.0
,0,0.0
,0,0.0
,0,0.0
,0,0.0
,0,0.0
,0,0.0
,0,0.0
,0,0.0
,0,0.0
,0,0.0
,0,0.0
,0,0.0
,0,0.0
,0,0.0
,0,0.0
,0,0.0
,0,0.0
,0,0.0
,0,0.0
,0,0.0
,0,0.0
,0,0.0
,0,0.0
,0,0.0
,0,0.0
,0,0.0
,0,0.0
,0,0.0
,0,0.0
,0,0.0
,0,0.0
,0,0.0
,0,0.0
,0,0.0
,0,0.0
,0,0.0
,0,0.0
,0,0.0
,0,0.0
,0,0.0
,0,0.0
,0,0.0
,0,0.0
,0,0.0
,0,0.0
,0,0.0
,0,0.0
,0,0.0
,0,0.0
,0,0.0
,0,0.0
,0,0.0
,0,0.0
,0,0.0
,0,0.0
,0,0.0
,0,0.0
,0,0.0
,0,0.0
,0,0.0
,0,0.0
,0,0.0
,0,0.0
,0,0.0
,0,0.0
,0,0.0
,0,0.0
,0,0.0
,0,0.0
,0,0.0
,0,0.0
,0,0.0
,0,0.0
,0,0.0
,0,0.0
,0,0.0
,0,0.0
,0,0.0
,0,0.0
,0,0.0
,0,0.0
,0,0.0
,0,0.0
,0,0.0
,0,0.0
,0,0.0
,0,0.0
,0,0.0
,0,0.0
,0,0.0
,0,0.0
,0,0.0
,0,0.0
,0,0.0
,0,0.0
,0,0.0
,0,0.0
,0,0.0
,0,0.0
,0,0.0
,0,0.0
,0,0.0
,0,0.0
,0,0.0
,0,0.0
,0,0.0
,0,0.0
,0,0.0
,0,0.0
,0,0.0
,0,0.0
,0,0.0
,0,0.0
,0,0.0
,0,0.0
,0,0.0
,0,0.0
,0,0.0
,0,0.0
,0,0.0
,0,0.0
,0,0.0
,0,0.0
,0,0.0
,0,0.0
,0,0.0
,0,0.0
,0,0.0
,0,0.0
,0,0.0
,0,0.0
,0,0.0
,0,0.0
,0,0.0
,0,0.0
,0,0.0
,0,0.0
,0,0.0
,0,0.0
,0,0.0
,0,0.0
,0,0.0
,0,0.0
,0,0.0
,0,0.0
,0,0.0
,0,0.0
,0,0.0
,0,0.0
,0,0.0
,0,0.0
,0,0.0
,0,0.0
,0,0.0
,0,0.0
,0,0.0
,0,0.0
,0,0.0
,0,0.0
,0,0.0
,0,0.0
,0,0.0
,0,0.0
,0,0.0
,0,0.0
,0,0.0
,0,0.0
,0,0.0
,0,0.0
,0,0.0
,0,0.0
,0,0.0
,0,0.0
,0,0.0
,0,0.0
,0,0.0
,0,0.0
,0,0.0
,0,0.0
,0,0.0
,0,0.0
,0,0.0
,0,0.0
,0,0.0
,0,0.0
,0,0.0
,0,0.0
,0,0.0
,0,0.0
,0,0.0
,0,0.0
,0,0.0
,0,0.0
,0,0.0
,0,0.0
,0,0.0
,0,0.0
,0,0.0
,0,0.0
,0,0.0
,0,0.0
,0,0.0
,0,0.0
,0,0.0
,0,0.0
,0,0.0
,0,0.0
,0,0.0
,0,0.0
,0,0.0
,0,0.0
,0,0.0
,0,0.0
,0,0.0
,0,0.0
,0,0.0
,0,0.0
,0,0.0
,0,0.0
,0,0.0
,0,0.0
,0,0.0
,0,0.0
,0,0.0
,0,0.0
,0,0.0
,0,0.0
,0,0.0
,0,0.0
,0,0.0
,0,0.0
,0,0.0
,0,0.0
,0,0.0
,0,0.0
,0,0.0
,0,0.0
,0,0.0
,0,0.0
,0,0.0
,0,0.0
,0,0.0
,0,0.0
,0,0.0
,0,0.0
,0,0.0
,0,0.0
,0,0.0
,0,0.0
,0,0.0
,0,0.0
,0,0.0
,0,0.0
,0,0.0
,0,0.0
,0,0.0
,0,0.0
,0,0.0
,0,0.0
,0,0.0
,0,0.0
263.10698455126794,0,0.8181818181818182
262.85324285701404,0,1.0
261.63105416767877,0,0.9090909090909091
,0,0.0
,0,0.0
,0,0.0
,0,0.0
,0,0.0
,0,0.0
,0,0.0
,0,0.0
,0,0.0
,0,0.0
,0,0.0
,0,0.0
,0,0.0
,0,0.0
,0,0.0
,0,0.0
,0,0.0
,0,0.0
383.98563046749643,0,1.0
384.5912011099803,0,0.36363636363636365
,0,0.0
,0,0.0
,0,0.0
,0,0.0
,0,0.0
,0,0.0
,0,0.0
,0,0.0
,0,0.0
,0,0.0
,0,0.0
,0,0.0
,0,0.0
,0,0.0
,0,0.0
259.7510559112592,0,0.6363636363636364
258.4184723293898,0,1.0
273.61295168464,0,1.0
279.87773819976616,0,1.0
287.8646183874364,0,1.0
289.7991581620604,0,1.0
276.59292342695426,0,1.0
283.6528171217578,0,1.0
273.1486541090212,0,0.7272727272727273
301.37629792928124,0,1.0
316.2725788140952,0,1.0
339.79549582855947,0,1.0
345.9887687582804,0,1.0
323.0588040283053,0,1.0
285.76136324897624,0,0.9090909090909091
308.80903361584564,0,1.0
299.44442996363745,0,0.09090909090909091
,0,0.0
312.75132216052344,0,0.75
,0,0.0
,0,0.0
,0,0.0
,0,0.0
,0,0.0
,0,0.0
,0,0.0
,0,0.0
,0,0.0
,0,0.0
,0,0.0
,0,0.0
,0,0.0
,0,0.0
,0,0.0
,0,0.0
,0,0.0
,0,0.0
,0,0.0
,0,0.0
264.59063835453037,0,0.7272727272727273
274.4678209692815,0,1.0
283.1293707676839,0,1.0
288.16910932284816,0,1.0
297.7656245165927,0,1.0
299.7218659257637,0,1.0
294.8783366820449,0,1.0
296.34407308046525,0,1.0
294.9765896870351,0,1.0
288.644121372121,0,1.0
326.7527258474829,0,1.0
349.49444484546115,0,1.0
365.55971462092066,0,1.0
387.5077276865633,0,1.0
384.1423640920173,0,1.0
360.454375395635,0,1.0
315.7177905437013,0,1.0
288.4626642645279,0,0.8181818181818182
252.92735210376392,0,0.09090909090909091
253.781441009525,0,0.2727272727272727
,0,0.0
,0,0.0
,0,0.0
,0,0.0
,0,0.0
,0,0.0
,0,0.0
,0,0.0
,0,0.0
,0,0.0
,0,0.0
,0,0.0
,0,0.0
,0,0.0
,0,0.0
,0,0.0
,0,0.0
,0,0.0
,0,0.0
,0,0.0
,0,0.0
,0,0.0
,0,0.0
,0,0.0
,0,0.0
,0,0.0
,0,0.0
,0,0.0
,0,0.0
,0,0.0
,0,0.0
635.6676285664239,0,0.8181818181818182
622.170004770489,0,0.8181818181818182
,0,0.0
,0,0.0
,0,0.0
,0,0.0
,0,0.0
,0,0.0
,0,0.0
,0,0.0
,0,0.0
,0,0.0
,0,0.0
,0,0.0
,0,0.0
,0,0.0
,0,0.0
,0,0.0
,0,0.0
,0,0.0
,0,0.0
,0,0.0
,0,0.0
,0,0.0
,0,0.0
,0,0.0
,0,0.0
,0,0.0
,0,0.0
,0,0.0
,0,0.0
,0,0.0
,0,0.0
,0,0.0
,0,0.0
,0,0.0
,0,0.0
,0,0.0
,0,0.0
,0,0.0
,0,0.0
,0,0.0
,0,0.0
,0,0.0
,0,0.0
,0,0.0
,0,0.0
,0,0.0
,0,0.0
,0,0.0
,0,0.0
,0,0.0
,0,0.0
,0,0.0
,0,0.0
,0,0.0
,0,0.0
,0,0.0
,0,0.0
,0,0.0
,0,0.0
,0,0.0
,0,0.0
,0,0.0
,0,0.0
,0,0.0
,0,0.0
,0,0.0
,0,0.0
,0,0.0
,0,0.0
,0,0.0
,0,0.0
,0,0.0
,0,0.0
,0,0.0
,0,0.0
,0,0.0
,0,0.0
,0,0.0
,0,0.0
,0,0.0
,0,0.0
,0,0.0
,0,0.0
,0,0.0
,0,0.0
,0,0.0
,0,0.0
,0,0.0
,0,0.0
,0,0.0
,0,0.0
,0,0.0
,0,0.0
,0,0.0
,0,0.0
,0,0.0
,0,0.0
,0,0.0
,0,0.0
,0,0.0
,0,0.0
,0,0.0
,0,0.0
,0,0.0
,0,0.0
,0,0.0
,0,0.0
,0,0.0
,0,0.0
,0,0.0
,0,0.0
,0,0.0
,0,0.0
,0,0.0
,0,0.0
,0,0.0
,0,0.0
,0,0.0
,0,0.0
,0,0.0
,0,0.0
,0,0.0
,0,0.0
,0,0.0
,0,0.0
,0,0.0
,0,0.0
,0,0.0
,0,0.0
,0,0.0
,0,0.0
,0,0.0
,0,0.0
,0,0.0
,0,0.0
,0,0.0
,0,0.0
,0,0.0
,0,0.0
,0,0.0
,0,0.0
,0,0.0
,0,0.0
,0,0.0
,0,0.0
,0,0.0
,0,0.0
,0,0.0
,0,0.0
,0,0.0
598.7266501397403,0,0.2727272727272727
604.3153525123239,0,0.2727272727272727
,0,0.0
,0,0.0
,0,0.0
,0,0.0
,0,0.0
,0,0.0
,0,0.0
,0,0.0
,0,0.0
,0,0.0
,0,0.0
,0,0.0
,0,0.0
,0,0.0
,0,0.0
,0,0.0
,0,0.0
,0,0.0
,0,0.0
,0,0.0
,0,0.0
,0,0.0
,0,0.0
,0,0.0
,0,0.0
,0,0.0
,0,0.0
,0,0.0
,0,0.0
,0,0.0
,0,0.0
,0,0.0
,0,0.0
,0,0.0
,0,0.0
,0,0.0
,0,0.0
,0,0.0
,0,0.0
,0,0.0
,0,0.0
,0,0.0
,0,0.0
,0,0.0
,0,0.0
,0,0.0
,0,0.0
,0,0.0
,0,0.0
,0,0.0
,0,0.0
,0,0.0
,0,0.0
,0,0.0
,0,0.0
,0,0.0
,0,0.0
,0,0.0
,0,0.0
,0,0.0
,0,0.0
,0,0.0
,0,0.0
,0,0.0
,0,0.0
,0,0.0
,0,0.0
,0,0.0
,0,0.0
,0,0.0
,0,0.0
,0,0.0
,0,0.0
,0,0.0
,0,0.0
,0,0.0
,0,0.0
,0,0.0
,0,0.0
,0,0.0
,0,0.0
,0,0.0
,0,0.0
,0,0.0
,0,0.0
,0,0.0
,0,0.0
,0,0.0
,0,0.0
,0,0.0
,0,0.0
,0,0.0
,0,0.0
,0,0.0
,0,0.0
,0,0.0
,0,0.0
,0,0.0
,0,0.0
,0,0.0
,0,0.0
,0,0.0
,0,0.0
,0,0.0
,0,0.0
,0,0.0
,0,0.0
,0,0.0
,0,0.0
,0,0.0
,0,0.0
,0,0.0
,0,0.0
,0,0.0
,0,0.0
,0,0.0
,0,0.0
,0,0.0
,0,0.0
,0,0.0
,0,0.0
,0,0.0
,0,0.0
,0,0.0
,0,0.0
,0,0.0
,0,0.0
,0,0.0
,0,0.0
,0,0.0
,0,0.0
,0,0.0
,0,0.0
,0,0.0
,0,0.0
,0,0.0
,0,0.0
,0,0.0
,0,0.0
,0,0.0
,0,0.0
,0,0.0
,0,0.0
,0,0.0
,0,0.0
,0,0.0
,0,0.0
,0,0.0
,0,0.0
,0,0.0
,0,0.0
,0,0.0
,0,0.0
,0,0.0
,0,0.0
,0,0.0
,0,0.0
,0,0.0
,0,0.0
,0,0.0
,0,0.0
,0,0.0
,0,0.0
,0,0.0
,0,0.0
,0,0.0
,0,0.0
,0,0.0
,0,0.0
,0,0.0
,0,0.0
,0,0.0
,0,0.0
,0,0.0
,0,0.0
,0,0.0
,0,0.0
,0,0.0
,0,0.0
,0,0.0
,0,0.0
,0,0.0
,0,0.0
,0,0.0
,0,0.0
,0,0.0
,0,0.0
,0,0.0
,0,0.0
,0,0.0
,0,0.0
,0,0.0
,0,0.0
,0,0.0
,0,0.0
,0,0.0
,0,0.0
,0,0.0
,0,0.0
,0,0.0
,0,0.0
,0,0.0
,0,0.0
,0,0.0
,0,0.0
,0,0.0
,0,0.0
,0,0.0
,0,0.0
,0,0.0
,0,0.0
,0,0.0
,0,0.0
,0,0.0
,0,0.0
,0,0.0
,0,0.0
,0,0.0
,0,0.0
,0,0.0
,0,0.0
,0,0.0
,0,0.0
,0,0.0
,0,0.0
,0,0.0
,0,0.0
,0,0.0
,0,0.0
,0,0.0
,0,0.0
,0,0.0
,0,0.0
,0,0.0
,0,0.0
,0,0.0
,0,0.0
,0,0.0
,0,0.0
,0,0.0
,0,0.0
,0,0.0
,0,0.0
,0,0.0
,0,0.0
,0,0.0
,0,0.0
,0,0.0
,0,0.0
,0,0.0
,0,0.0
,0,0.0
,0,0.0
,0,0.0
,0,0.0
,0,0.0
,0,0.0
,0,0.0
,0,0.0
,0,0.0
,0,0.0
,0,0.0
,0,0.0
,0,0.0
,0,0.0
,0,0.0
,0,0.0
,0,0.0
,0,0.0
,0,0.0
,0,0.0
,0,0.0
,0,0.0
,0,0.0
,0,0.0
,0,0.0
,0,0.0
,0,0.0
,0,0.0
,0,0.0
,0,0.0
,0,0.0
,0,0.0
,0,0.0
,0,0.0
,0,0.0
,0,0.0
,0,0.0
,0,0.0
,0,0.0
,0,0.0
,0,0.0
,0,0.0
,0,0.0
,0,0.0
,0,0.0
,0,0.0
,0,0.0
,0,0.0
,0,0.0
,0,0.0
,0,0.0
,0,0.0
,0,0.0
,0,0.0
,0,0.0
,0,0.0
,0,0.0
,0,0.0
,0,0.0
,0,0.0
,0,0.0
,0,0.0
,0,0.0
,0,0.0
,0,0.0
,0,0.0
,0,0.0
,0,0.0
,0,0.0
,0,0.0
,0,0.0
,0,0.0
,0,0.0
,0,0.0
,0,0.0
,0,0.0
,0,0.0
,0,0.0
,0,0.0
,0,0.0
,0,0.0
,0,0.0
,0,0.0
,0,0.0
,0,0.0
,0,0.0
,0,0.0
,0,0.0
,0,0.0
,0,0.0
,0,0.0
,0,0.0
,0,0.0
,0,0.0
,0,0.0
,0,0.0
,0,0.0
,0,0.0
,0,0.0
,0,0.0
,0,0.0
,0,0.0
,0,0.0
,0,0.0
,0,0.0
,0,0.0
,0,0.0
,0,0.0
,0,0.0
,0,0.0
,0,0.0
,0,0.0
,0,0.0
,0,0.0
,0,0.0
,0,0.0
,0,0.0
,0,0.0
,0,0.0
,0,0.0
,0,0.0
,0,0.0
,0,0.0
,0,0.0
,0,0.0
,0,0.0
,0,0.0
,0,0.0
,0,0.0
,0,0.0
,0,0.0
,0,0.0
,0,0.0
,0,0.0
,0,0.0
,0,0.0
,0,0.0
,0,0.0
,0,0.0
,0,0.0
,0,0.0
,0,0.0
,0,0.0
,0,0.0
,0,0.0
,0,0.0
,0,0.0
,0,0.0
,0,0.0
,0,0.0
,0,0.0
,0,0.0
,0,0.0
,0,0.0
,0,0.0
,0,0.0
,0,0.0
,0,0.0
,0,0.0
,0,0.0
,0,0.0
,0,0.0
,0,0.0
,0,0.0
,0,0.0
,0,0.0
,0,0.0
,0,0.0
,0,0.0
,0,0.0
,0,0.0
,0,0.0
,0,0.0
,0,0.0
,0,0.0
,0,0.0
,0,0.0
,0,0.0
,0,0.0
,0,0.0
,0,0.0
,0,0.0
,0,0.0
,0,0.0
,0,0.0
,0,0.0
,0,0.0
,0,0.0
,0,0.0
,0,0.0
,0,0.0
,0,0.0
,0,0.0
,0,0.0
,0,0.0
,0,0.0
,0,0.0
,0,0.0
,0,0.0
,0,0.0
,0,0.0
,0,0.0
,0,0.0
,0,0.0
,0,0.0
,0,0.0
,0,0.0
,0,0.0
,0,0.0
259.79718258786096,0,0.2727272727272727
251.20438783330596,0,0.45454545454545453
251.85183033455635,0,0.25
,0,0.0
,0,0.0
,0,0.0
,0,0.0
,0,0.0
,0,0.0
,0,0.0
,0,0.0
,0,0.0
,0,0.0
,0,0.0
,0,0.0
,0,0.0
,0,0.0
,0,0.0
,0,0.0
,0,0.0
,0,0.0
,0,0.0
,0,0.0
,0,0.0
,0,0.0
,0,0.0
,0,0.0
,0,0.0
,0,0.0
,0,0.0
,0,0.0
,0,0.0
272.27625204639315,0,0.2727272727272727
259.2343249394398,0,1.0
262.0425528917713,0,1.0
267.8204524616452,0,0.45454545454545453
262.77365058663594,0,0.5454545454545454
261.8550264213476,0,1.0
256.9334823247206,0,1.0
256.0236734537646,0,1.0
260.5635241266586,0,0.2727272727272727
261.7673601278947,0,0.45454545454545453
265.29178086004185,0,0.5454545454545454
,0,0.0
,0,0.0
,0,0.0
,0,0.0
,0,0.0
,0,0.0
,0,0.0
,0,0.0
,0,0.0
,0,0.0
,0,0.0
,0,0.0
,0,0.0
,0,0.0
,0,0.0
,0,0.0
,0,0.0
,0,0.0
,0,0.0
,0,0.0
,0,0.0
,0,0.0
,0,0.0
,0,0.0
,0,0.0
,0,0.0
,0,0.0
,0,0.0
,0,0.0
,0,0.0
,0,0.0
,0,0.0
,0,0.0
,0,0.0
,0,0.0
,0,0.0
,0,0.0
,0,0.0
,0,0.0
,0,0.0
,0,0.0
,0,0.0
,0,0.0
,0,0.0
,0,0.0
,0,0.0
,0,0.0
,0,0.0
,0,0.0
,0,0.0
,0,0.0
,0,0.0
,0,0.0
,0,0.0
,0,0.0
,0,0.0
,0,0.0
,0,0.0
,0,0.0
,0,0.0
,0,0.0
,0,0.0
,0,0.0
,0,0.0
,0,0.0
,0,0.0
,0,0.0
,0,0.0
,0,0.0
,0,0.0
,0,0.0
,0,0.0
,0,0.0
,0,0.0
,0,0.0
,0,0.0
,0,0.0
,0,0.0
,0,0.0
,0,0.0
,0,0.0
,0,0.0
,0,0.0
,0,0.0
,0,0.0
,0,0.0
,0,0.0
,0,0.0
,0,0.0
,0,0.0
,0,0.0
,0,0.0
,0,0.0
,0,0.0
,0,0.0
,0,0.0
,0,0.0
,0,0.0
,0,0.0
,0,0.0
,0,0.0
,0,0.0
,0,0.0
,0,0.0
,0,0.0
,0,0.0
,0,0.0
,0,0.0
,0,0.0
,0,0.0
,0,0.0
,0,0.0
,0,0.0
,0,0.0
,0,0.0
,0,0.0
,0,0.0
,0,0.0
,0,0.0
,0,0.0
,0,0.0
,0,0.0
,0,0.0
,0,0.0
,0,0.0
,0,0.0
,0,0.0
,0,0.0
,0,0.0
,0,0.0
,0,0.0
,0,0.0
,0,0.0
,0,0.0
,0,0.0
,0,0.0
,0,0.0
,0,0.0
,0,0.0
,0,0.0
,0,0.0
,0,0.0
,0,0.0
,0,0.0
,0,0.0
,0,0.0
,0,0.0
,0,0.0
,0,0.0
,0,0.0
,0,0.0
,0,0.0
,0,0.0
,0,0.0
,0,0.0
,0,0.0
,0,0.0
,0,0.0
,0,0.0
,0,0.0
,0,0.0
,0,0.0
,0,0.0
,0,0.0
,0,0.0
,0,0.0
,0,0.0
,0,0.0
,0,0.0
,0,0.0
,0,0.0
,0,0.0
,0,0.0
,0,0.0
,0,0.0
,0,0.0
,0,0.0
,0,0.0
,0,0.0
,0,0.0
,0,0.0
,0,0.0
,0,0.0
,0,0.0
,0,0.0
,0,0.0
,0,0.0
,0,0.0
,0,0.0
,0,0.0
,0,0.0
,0,0.0
,0,0.0
,0,0.0
,0,0.0
,0,0.0
,0,0.0
,0,0.0
,0,0.0
,0,0.0
,0,0.0
,0,0.0
,0,0.0
,0,0.0
,0,0.0
,0,0.0
,0,0.0
,0,0.0
,0,0.0
,0,0.0
,0,0.0
,0,0.0
,0,0.0
,0,0.0
,0,0.0
,0,0.0
,0,0.0
,0,0.0
,0,0.0
,0,0.0
,0,0.0
,0,0.0
,0,0.0
,0,0.0
,0,0.0
,0,0.0
,0,0.0
,0,0.0
,0,0.0
,0,0.0
,0,0.0
,0,0.0
,0,0.0
,0,0.0
,0,0.0
,0,0.0
,0,0.0
,0,0.0
,0,0.0
,0,0.0
,0,0.0
,0,0.0
,0,0.0
,0,0.0
,0,0.0
,0,0.0
,0,0.0
,0,0.0
,0,0.0
,0,0.0
,0,0.0
,0,0.0
,0,0.0
,0,0.0
,0,0.0
,0,0.0
,0,0.0
,0,0.0
,0,0.0
,0,0.0
,0,0.0
,0,0.0
,0,0.0
,0,0.0
,0,0.0
,0,0.0
,0,0.0
,0,0.0
,0,0.0
,0,0.0
,0,0.0
,0,0.0
,0,0.0
,0,0.0
,0,0.0
,0,0.0
,0,0.0
,0,0.0
,0,0.0
,0,0.0
,0,0.0
,0,0.0
,0,0.0
,0,0.0
,0,0.0
,0,0.0
,0,0.0
,0,0.0
,0,0.0
,0,0.0
,0,0.0
,0,0.0
,0,0.0
,0,0.0
,0,0.0
,0,0.0
,0,0.0
,0,0.0
,0,0.0
,0,0.0
,0,0.0
,0,0.0
,0,0.0
,0,0.0
,0,0.0
,0,0.0
,0,0.0
,0,0.0
,0,0.0
,0,0.0
,0,0.0
,0,0.0
,0,0.0
,0,0.0
,0,0.0
,0,0.0
,0,0.0
,0,0.0
,0,0.0
,0,0.0
,0,0.0
,0,0.0
,0,0.0
,0,0.0
,0,0.0
,0,0.0
,0,0.0
,0,0.0
,0,0.0
,0,0.0
,0,0.0
,0,0.0
,0,0.0
,0,0.0
,0,0.0
,0,0.0
,0,0.0
,0,0.0
,0,0.0
,0,0.0
,0,0.0
,0,0.0
,0,0.0
,0,0.0
,0,0.0
,0,0.0
,0,0.0
,0,0.0
,0,0.0
,0,0.0
,0,0.0
,0,0.0
,0,0.0
,0,0.0
,0,0.0
,0,0.0
,0,0.0
,0,0.0
,0,0.0
,0,0.0
,0,0.0
,0,0.0
,0,0.0
,0,0.0
,0,0.0
,0,0.0
,0,0.0
,0,0.0
,0,0.0
,0,0.0
,0,0.0
,0,0.0
,0,0.0
,0,0.0
,0,0.0
,0,0.0
,0,0.0
,0,0.0
,0,0.0
,0,0.0
,0,0.0
,0,0.0
,0,0.0
,0,0.0
,0,0.0
,0,0.0
,0,0.0
,0,0.0
,0,0.0
,0,0.0
,0,0.0
,0,0.0
,0,0.0
,0,0.0
,0,0.0
,0,0.0
,0,0.0
,0,0.0
,0,0.0
,0,0.0
,0,0.0
,0,0.0
,0,0.0
,0,0.0
,0,0.0
,0,0.0
,0,0.0
,0,0.0
,0,0.0
,0,0.0
,0,0.0
,0,0.0
,0,0.0
,0,0.0
,0,0.0
,0,0.0
,0,0.0
,0,0.0
,0,0.0
,0,0.0
,0,0.0
,0,0.0
,0,0.0
,0,0.0
,0,0.0
,0,0.0
,0,0.0
,0,0.0
,0,0.0
,0,0.0
,0,0.0
,0,0.0
,0,0.0
,0,0.0
,0,0.0
,0,0.0
,0,0.0
,0,0.0
,0,0.0
,0,0.0
,0,0.0
,0,0.0
,0,0.0
,0,0.0
,0,0.0
,0,0.0
,0,0.0
,0,0.0
,0,0.0
,0,0.0
,0,0.0
,0,0.0
,0,0.0
,0,0.0
,0,0.0
,0,0.0
,0,0.0
,0,0.0
,0,0.0
,0,0.0
,0,0.0
,0,0.0
,0,0.0
,0,0.0
,0,0.0
,0,0.0
,0,0.0
,0,0.0
,0,0.0
,0,0.0
,0,0.0
,0,0.0
,0,0.0
,0,0.0
,0,0.0
,0,0.0
,0,0.0
,0,0.0
,0,0.0
,0,0.0
,0,0.0
,0,0.0
,0,0.0
,0,0.0
,0,0.0
,0,0.0
,0,0.0
,0,0.0
,0,0.0
,0,0.0
,0,0.0
,0,0.0
,0,0.0
,0,0.0
,0,0.0
,0,0.0
,0,0.0
,0,0.0
,0,0.0
,0,0.0
263.36090290227156,0,0.8181818181818182
277.49556301076797,0,0.7272727272727273
285.1310142251632,0,1.0
,0,0.0
,0,0.0
,0,0.0
,0,0.0
,0,0.0
,0,0.0
,0,0.0
,0,0.0
,0,0.0
,0,0.0
,0,0.0
,0,0.0
,0,0.0
,0,0.0
,0,0.0
,0,0.0
,0,0.0
,0,0.0
,0,0.0
,0,0.0
,0,0.0
,0,0.0
,0,0.0
,0,0.0
,0,0.0
,0,0.0
,0,0.0
,0,0.0
,0,0.0
,0,0.0
,0,0.0
,0,0.0
,0,0.0
,0,0.0
,0,0.0
,0,0.0
,0,0.0
,0,0.0
,0,0.0
,0,0.0
,0,0.0
,0,0.0
,0,0.0
,0,0.0
,0,0.0
,0,0.0
,0,0.0
,0,0.0
,0,0.0
,0,0.0
,0,0.0
,0,0.0
,0,0.0
,0,0.0
,0,0.0
,0,0.0
,0,0.0
,0,0.0
,0,0.0
,0,0.0
,0,0.0
,0,0.0
,0,0.0
,0,0.0
,0,0.0
,0,0.0
,0,0.0
,0,0.0
,0,0.0
,0,0.0
,0,0.0
,0,0.0
,0,0.0
,0,0.0
,0,0.0
,0,0.0
,0,0.0
,0,0.0
,0,0.0
,0,0.0
,0,0.0
,0,0.0
,0,0.0
,0,0.0
,0,0.0
,0,0.0
,0,0.0
,0,0.0
,0,0.0
,0,0.0
,0,0.0
,0,0.0
,0,0.0
,0,0.0
,0,0.0
,0,0.0
,0,0.0
,0,0.0
,0,0.0
,0,0.0
,0,0.0
,0,0.0
,0,0.0
,0,0.0
,0,0.0
,0,0.0
,0,0.0
,0,0.0
,0,0.0
,0,0.0
,0,0.0
,0,0.0
,0,0.0
,0,0.0
,0,0.0
,0,0.0
,0,0.0
,0,0.0
,0,0.0
,0,0.0
,0,0.0
,0,0.0
,0,0.0
,0,0.0
,0,0.0
,0,0.0
,0,0.0
,0,0.0
,0,0.0
,0,0.0
,0,0.0
,0,0.0
,0,0.0
,0,0.0
,0,0.0
,0,0.0
,0,0.0
,0,0.0
,0,0.0
,0,0.0
,0,0.0
,0,0.0
,0,0.0
,0,0.0
,0,0.0
,0,0.0
,0,0.0
,0,0.0
,0,0.0
,0,0.0
,0,0.0
,0,0.0
,0,0.0
,0,0.0
,0,0.0
,0,0.0
,0,0.0
,0,0.0
,0,0.0
,0,0.0
,0,0.0
,0,0.0
,0,0.0
,0,0.0
,0,0.0
,0,0.0
,0,0.0
,0,0.0
,0,0.0
,0,0.0
,0,0.0
,0,0.0
,0,0.0
,0,0.0
,0,0.0
,0,0.0
,0,0.0
,0,0.0
,0,0.0
,0,0.0
,0,0.0
,0,0.0
,0,0.0
,0,0.0
,0,0.0
,0,0.0
,0,0.0
,0,0.0
,0,0.0
,0,0.0
,0,0.0
,0,0.0
,0,0.0
,0,0.0
,0,0.0
,0,0.0
,0,0.0
,0,0.0
,0,0.0
,0,0.0
,0,0.0
,0,0.0
,0,0.0
,0,0.0
,0,0.0
,0,0.0
,0,0.0
,0,0.0
,0,0.0
,0,0.0
,0,0.0
,0,0.0
,0,0.0
,0,0.0
,0,0.0
,0,0.0
,0,0.0
,0,0.0
,0,0.0
,0,0.0
,0,0.0
,0,0.0
,0,0.0
,0,0.0
,0,0.0
,0,0.0
,0,0.0
,0,0.0
,0,0.0
,0,0.0
,0,0.0
,0,0.0
,0,0.0
,0,0.0
,0,0.0
,0,0.0
,0,0.0
,0,0.0
,0,0.0
,0,0.0
,0,0.0
434.87916373133015,0,0.5
432.4207196835254,0,1.0
436.8485450329151,0,1.0
435.7195797834216,0,1.0
437.42919665140084,0,1.0
443.3562750479536,0,0.5454545454545454
,0,0.0
,0,0.0
,0,0.0
,0,0.0
,0,0.0
,0,0.0
,0,0.0
,0,0.0
,0,0.0
,0,0.0
,0,0.0
,0,0.0
,0,0.0
,0,0.0
,0,0.0
,0,0.0
,0,0.0
,0,0.0
,0,0.0
,0,0.0
,0,0.0
,0,0.0
,0,0.0
,0,0.0
,0,0.0
,0,0.0
,0,0.0
,0,0.0
,0,0.0
,0,0.0
,0,0.0
,0,0.0
,0,0.0
,0,0.0
,0,0.0
,0,0.0
,0,0.0
,0,0.0
,0,0.0
,0,0.0
,0,0.0
,0,0.0
,0,0.0
,0,0.0
,0,0.0
,0,0.0
,0,0.0
,0,0.0
,0,0.0
,0,0.0
,0,0.0
,0,0.0
,0,0.0
,0,0.0
,0,0.0
,0,0.0
,0,0.0
,0,0.0
,0,0.0
,0,0.0
,0,0.0
,0,0.0
,0,0.0
,0,0.0
,0,0.0
,0,0.0
,0,0.0
,0,0.0
,0,0.0
,0,0.0
,0,0.0
,0,0.0
,0,0.0
,0,0.0
,0,0.0
,0,0.0
,0,0.0
,0,0.0
,0,0.0
,0,0.0
,0,0.0
,0,0.0
,0,0.0
,0,0.0
,0,0.0
,0,0.0
,0,0.0
,0,0.0
,0,0.0
,0,0.0
,0,0.0
,0,0.0
,0,0.0
,0,0.0
,0,0.0
,0,0.0
,0,0.0
,0,0.0
,0,0.0
,0,0.0
,0,0.0
,0,0.0
,0,0.0
,0,0.0
,0,0.0
,0,0.0
,0,0.0
,0,0.0
,0,0.0
,0,0.0
,0,0.0
,0,0.0
,0,0.0
,0,0.0
,0,0.0
,0,0.0
,0,0.0
,0,0.0
,0,0.0
,0,0.0
,0,0.0
,0,0.0
,0,0.0
,0,0.0
,0,0.0
,0,0.0
,0,0.0
,0,0.0
,0,0.0
,0,0.0
,0,0.0
,0,0.0
,0,0.0
,0,0.0
,0,0.0
,0,0.0
,0,0.0
,0,0.0
,0,0.0
,0,0.0
,0,0.0
,0,0.0
,0,0.0
,0,0.0
,0,0.0
,0,0.0
,0,0.0
,0,0.0
,0,0.0
,0,0.0
,0,0.0
,0,0.0
,0,0.0
,0,0.0
,0,0.0
,0,0.0
,0,0.0
,0,0.0
,0,0.0
,0,0.0
,0,0.0
,0,0.0
,0,0.0
,0,0.0
,0,0.0
,0,0.0
,0,0.0
,0,0.0
,0,0.0
,0,0.0
,0,0.0
,0,0.0
,0,0.0
,0,0.0
,0,0.0
,0,0.0
,0,0.0
,0,0.0
,0,0.0
,0,0.0
,0,0.0
,0,0.0
,0,0.0
,0,0.0
,0,0.0
,0,0.0
,0,0.0
,0,0.0
,0,0.0
,0,0.0
,0,0.0
,0,0.0
,0,0.0
,0,0.0
,0,0.0
,0,0.0
,0,0.0
,0,0.0
,0,0.0
,0,0.0
,0,0.0
,0,0.0
,0,0.0
,0,0.0
,0,0.0
,0,0.0
,0,0.0
,0,0.0
,0,0.0
,0,0.0
,0,0.0
,0,0.0
,0,0.0
,0,0.0
,0,0.0
,0,0.0
,0,0.0
,0,0.0
,0,0.0
,0,0.0
,0,0.0
256.36266210721004,0,0.45454545454545453
255.94711039094457,0,1.0
254.05034669528905,0,1.0
275.01874468758905,0,1.0
298.1709055302412,0,1.0
310.4720183218711,0,1.0
303.04447879181515,0,0.5454545454545454
,0,0.0
,0,0.0
,0,0.0
,0,0.0
,0,0.0
,0,0.0
,0,0.0
,0,0.0
,0,0.0
,0,0.0
,0,0.0
,0,0.0
,0,0.0
,0,0.0
,0,0.0
,0,0.0
,0,0.0
,0,0.0
,0,0.0
,0,0.0
,0,0.0
,0,0.0
,0,0.0
,0,0.0
,0,0.0
,0,0.0
,0,0.0
,0,0.0
,0,0.0
,0,0.0
,0,0.0
,0,0.0
,0,0.0
,0,0.0
,0,0.0
,0,0.0
,0,0.0
,0,0.0
,0,0.0
,0,0.0
,0,0.0
,0,0.0
,0,0.0
,0,0.0
,0,0.0
,0,0.0
,0,0.0
,0,0.0
,0,0.0
,0,0.0
,0,0.0
,0,0.0
,0,0.0
,0,0.0
,0,0.0
,0,0.0
,0,0.0
,0,0.0
,0,0.0
,0,0.0
,0,0.0
,0,0.0
,0,0.0
,0,0.0
,0,0.0
,0,0.0
,0,0.0
,0,0.0
,0,0.0
,0,0.0
,0,0.0
,0,0.0
,0,0.0
,0,0.0
,0,0.0
,0,0.0
,0,0.0
,0,0.0
,0,0.0
,0,0.0
,0,0.0
,0,0.0
,0,0.0
,0,0.0
,0,0.0
,0,0.0
,0,0.0
,0,0.0
,0,0.0
,0,0.0
,0,0.0
,0,0.0
,0,0.0
,0,0.0
,0,0.0
,0,0.0
,0,0.0
,0,0.0
,0,0.0
,0,0.0
,0,0.0
,0,0.0
,0,0.0
,0,0.0
,0,0.0
,0,0.0
,0,0.0
,0,0.0
,0,0.0
,0,0.0
,0,0.0
,0,0.0
,0,0.0
,0,0.0
,0,0.0
,0,0.0
,0,0.0
,0,0.0
,0,0.0
,0,0.0
,0,0.0
,0,0.0
,0,0.0
,0,0.0
,0,0.0
,0,0.0
,0,0.0
,0,0.0
,0,0.0
,0,0.0
,0,0.0
,0,0.0
,0,0.0
,0,0.0
,0,0.0
,0,0.0
,0,0.0
,0,0.0
,0,0.0
,0,0.0
,0,0.0
,0,0.0
,0,0.0
,0,0.0
,0,0.0
,0,0.0
,0,0.0
,0,0.0
,0,0.0
,0,0.0
,0,0.0
,0,0.0
,0,0.0
,0,0.0
,0,0.0
,0,0.0
,0,0.0
,0,0.0
,0,0.0
,0,0.0
,0,0.0
,0,0.0
,0,0.0
,0,0.0
,0,0.0
,0,0.0
,0,0.0
,0,0.0
,0,0.0
,0,0.0
,0,0.0
,0,0.0
,0,0.0
,0,0.0
,0,0.0
,0,0.0
,0,0.0
,0,0.0
,0,0.0
,0,0.0
,0,0.0
,0,0.0
,0,0.0
,0,0.0
,0,0.0
,0,0.0
,0,0.0
,0,0.0
,0,0.0
,0,0.0
,0,0.0
,0,0.0
,0,0.0
,0,0.0
,0,0.0
,0,0.0
,0,0.0
,0,0.0
,0,0.0
,0,0.0
,0,0.0
,0,0.0
,0,0.0
,0,0.0
,0,0.0
,0,0.0
,0,0.0
,0,0.0
,0,0.0
,0,0.0
,0,0.0
,0,0.0
,0,0.0
,0,0.0
,0,0.0
,0,0.0
,0,0.0
,0,0.0
,0,0.0
,0,0.0
,0,0.0
,0,0.0
,0,0.0
,0,0.0
,0,0.0
,0,0.0
,0,0.0
,0,0.0
,0,0.0
,0,0.0
,0,0.0
,0,0.0
,0,0.0
,0,0.0
,0,0.0
,0,0.0
,0,0.0
,0,0.0
,0,0.0
,0,0.0
,0,0.0
,0,0.0
,0,0.0
,0,0.0
,0,0.0
,0,0.0
,0,0.0
,0,0.0
,0,0.0
,0,0.0
,0,0.0
,0,0.0
,0,0.0
,0,0.0
,0,0.0
,0,0.0
,0,0.0
,0,0.0
,0,0.0
,0,0.0
,0,0.0
,0,0.0
,0,0.0
,0,0.0
,0,0.0
,0,0.0
,0,0.0
,0,0.0
,0,0.0
,0,0.0
,0,0.0
,0,0.0
,0,0.0
,0,0.0
,0,0.0
,0,0.0
,0,0.0
,0,0.0
,0,0.0
,0,0.0
,0,0.0
,0,0.0
,0,0.0
,0,0.0
,0,0.0
,0,0.0
,0,0.0
,0,0.0
,0,0.0
,0,0.0
,0,0.0
,0,0.0
,0,0.0
,0,0.0
,0,0.0
,0,0.0
,0,0.0
,0,0.0
,0,0.0
,0,0.0
,0,0.0
,0,0.0
,0,0.0
,0,0.0
,0,0.0
,0,0.0
,0,0.0
,0,0.0
,0,0.0
,0,0.0
,0,0.0
,0,0.0
,0,0.0
,0,0.0
,0,0.0
,0,0.0
,0,0.0
,0,0.0
,0,0.0
,0,0.0
,0,0.0
,0,0.0
,0,0.0
,0,0.0
,0,0.0
,0,0.0
,0,0.0
,0,0.0
,0,0.0
,0,0.0
,0,0.0
,0,0.0
,0,0.0
,0,0.0
,0,0.0
,0,0.0
,0,0.0
,0,0.0
,0,0.0
,0,0.0
,0,0.0
257.271067126962,0,0.8181818181818182
,0,0.0
,0,0.0
267.0211175411299,0,0.5454545454545454
274.40725306783645,0,0.18181818181818182
,0,0.0
,0,0.0
,0,0.0
,0,0.0
,0,0.0
,0,0.0
,0,0.0
,0,0.0
,0,0.0
,0,0.0
,0,0.0
,0,0.0
,0,0.0
,0,0.0
,0,0.0
,0,0.0
,0,0.0
,0,0.0
,0,0.0
,0,0.0
,0,0.0
,0,0.0
,0,0.0
,0,0.0
,0,0.0
,0,0.0
,0,0.0
,0,0.0
,0,0.0
,0,0.0
,0,0.0
,0,0.0
,0,0.0
,0,0.0
,0,0.0
,0,0.0
,0,0.0
,0,0.0
,0,0.0
,0,0.0
,0,0.0
,0,0.0
,0,0.0
,0,0.0
,0,0.0
,0,0.0
,0,0.0
,0,0.0
,0,0.0
,0,0.0
,0,0.0
,0,0.0
,0,0.0
,0,0.0
,0,0.0
,0,0.0
,0,0.0
,0,0.0
,0,0.0
,0,0.0
,0,0.0
,0,0.0
,0,0.0
,0,0.0
,0,0.0
,0,0.0
,0,0.0
,0,0.0
,0,0.0
,0,0.0
,0,0.0
,0,0.0
,0,0.0
,0,0.0
,0,0.0
,0,0.0
,0,0.0
,0,0.0
,0,0.0
,0,0.0
,0,0.0
,0,0.0
,0,0.0
,0,0.0
,0,0.0
,0,0.0
,0,0.0
,0,0.0
,0,0.0
,0,0.0
,0,0.0
,0,0.0
,0,0.0
,0,0.0
,0,0.0
,0,0.0
,0,0.0
,0,0.0
,0,0.0
,0,0.0
,0,0.0
,0,0.0
,0,0.0
,0,0.0
,0,0.0
,0,0.0
,0,0.0
,0,0.0
,0,0.0
,0,0.0
,0,0.0
,0,0.0
,0,0.0
,0,0.0
,0,0.0
,0,0.0
,0,0.0
,0,0.0
,0,0.0
,0,0.0
,0,0.0
,0,0.0
,0,0.0
,0,0.0
,0,0.0
,0,0.0
,0,0.0
,0,0.0
,0,0.0
,0,0.0
,0,0.0
,0,0.0
,0,0.0
,0,0.0
,0,0.0
,0,0.0
,0,0.0
,0,0.0
,0,0.0
,0,0.0
,0,0.0
,0,0.0
,0,0.0
,0,0.0
,0,0.0
,0,0.0
,0,0.0
,0,0.0
,0,0.0
,0,0.0
,0,0.0
,0,0.0
,0,0.0
,0,0.0
,0,0.0
,0,0.0
,0,0.0
,0,0.0
,0,0.0
,0,0.0
,0,0.0
,0,0.0
,0,0.0
,0,0.0
,0,0.0
,0,0.0
,0,0.0
,0,0.0
,0,0.0
,0,0.0
,0,0.0
,0,0.0
,0,0.0
,0,0.0
,0,0.0
,0,0.0
,0,0.0
,0,0.0
,0,0.0
,0,0.0
,0,0.0
,0,0.0
,0,0.0
,0,0.0
,0,0.0
,0,0.0
,0,0.0
,0,0.0
,0,0.0
,0,0.0
,0,0.0
,0,0.0
,0,0.0
,0,0.0
,0,0.0
,0,0.0
,0,0.0
,0,0.0
,0,0.0
,0,0.0
,0,0.0
,0,0.0
,0,0.0
,0,0.0
,0,0.0
,0,0.0
,0,0.0
,0,0.0
,0,0.0
,0,0.0
,0,0.0
,0,0.0
,0,0.0
,0,0.0
,0,0.0
,0,0.0
,0,0.0
,0,0.0
,0,0.0
,0,0.0
,0,0.0
,0,0.0
,0,0.0
,0,0.0
,0,0.0
,0,0.0
,0,0.0
,0,0.0
,0,0.0
,0,0.0
,0,0.0
,0,0.0
,0,0.0
,0,0.0
,0,0.0
,0,0.0
,0,0.0
,0,0.0
,0,0.0
,0,0.0
,0,0.0
,0,0.0
,0,0.0
,0,0.0
,0,0.0
,0,0.0
,0,0.0
,0,0.0
,0,0.0
,0,0.0
,0,0.0
,0,0.0
,0,0.0
,0,0.0
,0,0.0
,0,0.0
,0,0.0
,0,0.0
,0,0.0
,0,0.0
,0,0.0
,0,0.0
,0,0.0
,0,0.0
,0,0.0
,0,0.0
,0,0.0
,0,0.0
,0,0.0
,0,0.0
,0,0.0
,0,0.0
,0,0.0
,0,0.0
,0,0.0
,0,0.0
,0,0.0
,0,0.0
,0,0.0
,0,0.0
,0,0.0
,0,0.0
,0,0.0
,0,0.0
,0,0.0
,0,0.0
,0,0.0
,0,0.0
,0,0.0
,0,0.0
,0,0.0
,0,0.0
,0,0.0
,0,0.0
,0,0.0
,0,0.0
,0,0.0
,0,0.0
,0,0.0
,0,0.0
,0,0.0
,0,0.0
,0,0.0
,0,0.0
,0,0.0
,0,0.0
,0,0.0
,0,0.0
,0,0.0
,0,0.0
,0,0.0
,0,0.0
,0,0.0
,0,0.0
,0,0.0
,0,0.0
,0,0.0
,0,0.0
,0,0.0
,0,0.0
,0,0.0
,0,0.0
,0,0.0
,0,0.0
,0,0.0
,0,0.0
,0,0.0
,0,0.0
,0,0.0
,0,0.0
,0,0.0
,0,0.0
,0,0.0
,0,0.0
,0,0.0
,0,0.0
,0,0.0
,0,0.0
,0,0.0
,0,0.0
,0,0.0
,0,0.0
,0,0.0
,0,0.0
,0,0.0
,0,0.0
,0,0.0
,0,0.0
,0,0.0
,0,0.0
,0,0.0
,0,0.0
,0,0.0
,0,0.0
,0,0.0
,0,0.0
,0,0.0
,0,0.0
,0,0.0
,0,0.0
,0,0.0
,0,0.0
,0,0.0
,0,0.0
,0,0.0
,0,0.0
,0,0.0
,0,0.0
,0,0.0
,0,0.0
,0,0.0
,0,0.0
,0,0.0
,0,0.0
,0,0.0
,0,0.0
,0,0.0
,0,0.0
,0,0.0
,0,0.0
,0,0.0
,0,0.0
,0,0.0
,0,0.0
,0,0.0
,0,0.0
,0,0.0
,0,0.0
,0,0.0
,0,0.0
,0,0.0
,0,0.0
,0,0.0
,0,0.0
,0,0.0
,0,0.0
,0,0.0
,0,0.0
,0,0.0
,0,0.0
,0,0.0
,0,0.0
,0,0.0
,0,0.0
,0,0.0
,0,0.0
,0,0.0
,0,0.0
,0,0.0
,0,0.0
,0,0.0
,0,0.0
,0,0.0
,0,0.0
,0,0.0
,0,0.0
,0,0.0
,0,0.0
,0,0.0
,0,0.0
,0,0.0
,0,0.0
,0,0.0
,0,0.0
,0,0.0
,0,0.0
,0,0.0
,0,0.0
,0,0.0
,0,0.0
,0,0.0
,0,0.0
,0,0.0
,0,0.0
,0,0.0
,0,0.0
,0,0.0
,0,0.0
,0,0.0
,0,0.0
,0,0.0
,0,0.0
,0,0.0
,0,0.0
,0,0.0
,0,0.0
,0,0.0
,0,0.0
,0,0.0
,0,0.0
,0,0.0
,0,0.0
,0,0.0
,0,0.0
,0,0.0
,0,0.0
,0,0.0
,0,0.0
,0,0.0
,0,0.0
,0,0.0
,0,0.0
,0,0.0
,0,0.0
,0,0.0
,0,0.0
,0,0.0
,0,0.0
,0,0.0
,0,0.0
,0,0.0
,0,0.0
,0,0.0
,0,0.0
,0,0.0
,0,0.0
,0,0.0
,0,0.0
,0,0.0
,0,0.0
,0,0.0
,0,0.0
,0,0.0
,0,0.0
,0,0.0
,0,0.0
,0,0.0
,0,0.0
,0,0.0
,0,0.0
,0,0.0
,0,0.0
,0,0.0
,0,0.0
,0,0.0
,0,0.0
,0,0.0
,0,0.0
,0,0.0
,0,0.0
,0,0.0
,0,0.0
,0,0.0
,0,0.0
,0,0.0
,0,0.0
,0,0.0
,0,0.0
,0,0.0
,0,0.0
,0,0.0
,0,0.0
,0,0.0
,0,0.0
,0,0.0
,0,0.0
,0,0.0
,0,0.0
,0,0.0
,0,0.0
,0,0.0
,0,0.0
,0,0.0
,0,0.0
,0,0.0
,0,0.0
,0,0.0
,0,0.0
,0,0.0
,0,0.0
,0,0.0
,0,0.0
,0,0.0
,0,0.0
,0,0.0
,0,0.0
,0,0.0
,0,0.0
,0,0.0
,0,0.0
,0,0.0
,0,0.0
,0,0.0
,0,0.0
,0,0.0
,0,0.0
,0,0.0
,0,0.0
,0,0.0
,0,0.0
,0,0.0
,0,0.0
,0,0.0
,0,0.0
,0,0.0
,0,0.0
,0,0.0
,0,0.0
,0,0.0
,0,0.0
,0,0.0
,0,0.0
,0,0.0
,0,0.0
,0,0.0
,0,0.0
,0,0.0
,0,0.0
,0,0.0
,0,0.0
511.9605425539421,0,0.0
512.155385834829,0,0.0
512.4005752804554,0,0.0
512.4057428371515,0,0.0
511.93071845946884,0,0.0
512.6741126250372,0,0.0
513.3688381389685,0,0.0
511.37885482145555,0,0.0
512.030079835803,0,0.0
512.4926403057729,0,0.0
512.4701980259832,0,0.0
512.9983979545468,0,0.0
512.0662879784749,0,0.0
512.0471518392586,0,0.0
512.1269789504086,0,0.0
512.6087176463009,0,0.0
512.9580298484983,0,0.0
513.9376943252663,0,0.0
,0,0.0
,0,0.0
,0,0.0
,0,0.0
,0,0.0
,0,0.0
,0,0.0
,0,0.0
,0,0.0
,0,0.0
,0,0.0
,0,0.0
512.244910496601,0,0.0
512.1883262245606,0,0.0
512.6470639844937,0,0.0
512.4593406430807,0,0.0
512.3156944488127,0,0.0
512.6433498879442,0,0.0
512.295239349784,0,0.0
512.1486828043302,0,0.0
512.1437812265926,0,0.0
512.771904053146,0,0.0
512.1071482628184,0,0.0
511.93640206392496,0,0.0
512.0357512803886,0,0.0
512.0447968962184,0,0.0
513.0487941463074,0,0.0
457.40745103741796,0,0.0
410.1619744273979,0,0.0
409.37430384729805,0,0.0
,0,0.0
,0,0.0
,0,0.0
,0,0.0
,0,0.0
,0,0.0
,0,0.0
,0,0.0
,0,0.0
,0,0.0
,0,0.0
,0,0.0
512.2510664822469,0,0.0
512.1762637461467,0,0.0
512.8390479202301,0,0.0
407.55062799358785,0,0.0
408.6229656646034,0,0.0
467.19097763988196,0,0.0
512.1977299116782,0,0.0
,0,0.0
,0,0.0
,0,0.0
,0,0.0
,0,0.0
,0,0.0
,0,0.0
,0,0.0
,0,0.0
,0,0.0
,0,0.0
,0,0.0
,0,0.0
,0,0.0
,0,0.0
,0,0.0
,0,0.0
,0,0.0
,0,0.0
,0,0.0
