pitch,baby,mom
,0,0.0
,0,0.0
,0,0.0
,0,0.0
,0,0.0
,0,0.0
,0,0.0
,0,0.0
,0,0.0
,0,0.0
,0,0.0
,0,0.0
,0,0.0
,0,0.0
,0,0.0
,0,0.0
,0,0.0
,0,0.0
,0,0.0
,0,0.0
512.9815370821634,0,0.0
512.3689364098424,0,0.0
512.9071659957889,0,0.0
512.6753350114326,0,0.0
,0,0.0
,0,0.0
,0,0.0
,0,0.0
,0,0.0
,0,0.0
,0,0.0
,0,0.0
,0,0.0
,0,0.0
,0,0.0
,0,0.0
,0,0.0
,0,0.0
,0,0.0
,0,0.0
,0,0.0
,0,0.0
,0,0.0
,0,0.0
,0,0.0
,0,0.0
,0,0.0
,0,0.0
,0,0.0
,0,0.0
,0,0.0
,0,0.0
,0,0.0
,0,0.0
,0,0.0
,0,0.0
,0,0.0
,0,0.0
,0,0.0
,0,0.0
,0,0.0
,0,0.0
,0,0.0
270.01587819028896,0,0.0
256.6154314429093,0,0.0
,0,0.0
,0,0.0
262.67346089764857,0,0.0
263.75817512173927,0,0.0
284.37477287742456,0,0.0
303.30820741076326,0,0.0
300.17624490460844,0,0.0
280.04008651627436,0,0.0
,0,0.0
,0,0.0
,0,0.0
,0,0.0
,0,0.0
,0,0.0
,0,0.0
,0,0.0
,0,0.0
,0,0.0
,0,0.0
,0,0.0
,0,0.0
,0,0.0
474.3171157272254,0,0.0
483.52780123469495,0,0.0
503.38458836203415,0,0.0
,0,0.0
286.02341052609614,0,0.0
290.32817226867917,0,0.0
,0,0.0
,0,0.0
,0,0.0
,0,0.0
339.43521379098644,0,0.0
357.1494856843896,0,0.0
355.7092135737142,0,0.0
340.4116133317597,0,0.0
322.7838502590107,0,0.0
,0,0.0
,0,0.0
,0,0.0
,0,0.0
,0,0.0
,0,0.0
,0,0.0
,0,0.0
,0,0.0
,0,0.0
,0,0.0
,0,0.0
,0,0.0
,0,0.0
,0,0.0
,0,0.0
,0,0.0
,0,0.0
,0,0.0
,0,0.0
,0,0.0
,0,0.0
,0,0.0
,0,0.0
,0,0.0
,0,0.0
,0,0.0
,0,0.0
,0,0.0
,0,0.0
,0,0.0
,0,0.0
,0,0.0
,0,0.0
,0,0.0
,0,0.0
,0,0.0
,0,0.0
,0,0.0
,0,0.0
,0,0.0
,0,0.0
,0,0.0
,0,0.0
,0,0.0
,0,0.0
,0,0.0
,0,0.0
,0,0.0
,0,0.0
,0,0.0
,0,0.0
,0,0.0
,0,0.0
,0,0.0
,0,0.0
,0,0.0
,0,0.0
,0,0.0
,0,0.0
,0,0.0
,0,0.0
,0,0.0
,0,0.0
,0,0.0
,0,0.0
,0,0.0
,0,0.0
,0,0.0
,0,0.0
,0,0.0
,0,0.0
,0,0.0
,0,0.0
,0,0.0
,0,0.0
,0,0.0
,0,0.0
,0,0.0
,0,0.0
,0,0.0
,0,0.0
,0,0.0
,0,0.0
,0,0.0
,0,0.0
,0,0.0
,0,0.0
,0,0.0
,0,0.0
,0,0.0
,0,0.0
,0,0.0
,0,0.0
,0,0.0
,0,0.0
,0,0.0
,0,0.0
,0,0.0
,0,0.0
,0,0.0
,0,0.0
,0,0.0
,0,0.0
,0,0.0
,0,0.0
,0,0.0
,0,0.0
,0,0.0
,0,0.0
,0,0.0
,0,0.0
,0,0.0
,0,0.0
,0,0.0
,0,0.0
,0,0.0
,0,0.0
,0,0.0
,0,0.0
,0,0.0
,0,0.0
,0,0.0
,0,0.0
,0,0.0
,0,0.0
,0,0.0
,0,0.0
,0,0.0
,0,0.0
,0,0.0
,0,0.0
,0,0.0
,0,0.0
,0,0.0
,0,0.0
,0,0.0
,0,0.0
,0,0.0
,0,0.0
,0,0.0
,0,0.0
,0,0.0
,0,0.0
,0,0.0
,0,0.0
,0,0.0
,0,0.0
,0,0.0
,0,0.0
,0,0.0
,0,0.0
,0,0.0
,0,0.0
,0,0.0
,0,0.0
,0,0.0
,0,0.0
,0,0.0
,0,0.0
,0,0.0
,0,0.0
,0,0.0
,0,0.0
,0,0.0
,0,0.0
,0,0.0
,0,0.0
,0,0.0
,0,0.0
,0,0.0
,0,0.0
,0,0.0
,0,0.0
,0,0.0
,0,0.0
,0,0.0
,0,0.0
,0,0.0
,0,0.0
,0,0.0
,0,0.0
,0,0.0
,0,0.0
,0,0.0
,0,0.0
,0,0.0
,0,0.0
,0,0.0
,0,0.0
,0,0.0
,0,0.0
,0,0.0
,0,0.0
,0,0.0
,0,0.0
,0,0.0
,0,0.0
,0,0.0
,0,0.0
,0,0.0
,0,0.0
,0,0.0
,0,0.0
,0,0.0
,0,0.0
,0,0.0
,0,0.0
,0,0.0
,0,0.0
,0,0.0
,0,0.0
,0,0.0
,0,0.0
,0,0.0
,0,0.0
,0,0.0
,0,0.0
,0,0.0
,0,0.0
,0,0.0
,0,0.0
,0,0.0
,0,0.0
,0,0.0
,0,0.0
,0,0.0
,0,0.0
,0,0.0
,0,0.0
,0,0.0
,0,0.0
,0,0.0
,0,0.0
,0,0.0
,0,0.0
,0,0.0
,0,0.0
,0,0.0
,0,0.0
,0,0.0
,0,0.0
,0,0.0
,0,0.0
,0,0.0
,0,0.0
,0,0.0
,0,0.0
,0,0.0
,0,0.0
,0,0.0
,0,0.0
,0,0.0
,0,0.0
,0,0.0
,0,0.0
,0,0.0
,0,0.0
,0,0.0
,0,0.0
,0,0.0
,0,0.0
,0,0.0
,0,0.0
,0,0.0
,0,0.0
,0,0.0
,0,0.0
,0,0.0
,0,0.0
,0,0.0
,0,0.0
,0,0.0
,0,0.0
,0,0.0
,0,0.0
,0,0.0
,0,0.0
,0,0.0
,0,0.0
,0,0.0
,0,0.0
,0,0.0
,0,0.0
,0,0.0
,0,0.0
,0,0.0
,0,0.0
,0,0.0
,0,0.0
,0,0.0
,0,0.0
,0,0.0
,0,0.0
,0,0.0
,0,0.0
,0,0.0
,0,0.0
,0,0.0
,0,0.0
,0,0.0
,0,0.0
,0,0.0
,0,0.0
,0,0.0
,0,0.0
,0,0.0
,0,0.0
,0,0.0
,0,0.0
,0,0.0
,0,0.0
,0,0.0
,0,0.0
,0,0.0
,0,0.0
,0,0.0
,0,0.0
,0,0.0
,0,0.0
,0,0.0
,0,0.0
,0,0.0
,0,0.0
,0,0.0
,0,0.0
,0,0.0
,0,0.0
,0,0.0
,0,0.0
,0,0.0
,0,0.0
,0,0.0
,0,0.0
,0,0.0
,0,0.0
,0,0.0
,0,0.0
,0,0.0
,0,0.0
,0,0.0
,0,0.0
,0,0.0
,0,0.0
,0,0.0
,0,0.0
,0,0.0
,0,0.0
,0,0.0
,0,0.0
,0,0.0
,0,0.0
,0,0.0
,0,0.0
,0,0.0
,0,0.0
,0,0.0
,0,0.0
,0,0.0
,0,0.0
,0,0.0
,0,0.0
,0,0.0
,0,0.0
,0,0.0
,0,0.0
,0,0.0
,0,0.0
,0,0.0
,0,0.0
,0,0.0
,0,0.0
,0,0.0
,0,0.0
,0,0.0
,0,0.0
,0,0.0
,0,0.0
,0,0.0
,0,0.0
,0,0.0
,0,0.0
,0,0.0
,0,0.0
,0,0.0
,0,0.0
,0,0.0
,0,0.0
,0,0.0
,0,0.0
,0,0.0
,0,0.0
,0,0.0
,0,0.0
,0,0.0
,0,0.0
,0,0.0
,0,0.0
,0,0.0
,0,0.0
,0,0.0
,0,0.0
,0,0.0
,0,0.0
,0,0.0
,0,0.0
,0,0.0
,0,0.0
,0,0.0
,0,0.0
,0,0.0
,0,0.0
,0,0.0
,0,0.0
,0,0.0
,0,0.0
,0,0.0
,0,0.0
,0,0.0
,0,0.0
,0,0.0
,0,0.0
,0,0.0
,0,0.0
,0,0.0
,0,0.0
,0,0.0
,0,0.0
,0,0.0
,0,0.0
,0,0.0
,0,0.0
,0,0.0
,0,0.0
,0,0.0
,0,0.0
,0,0.0
,0,0.0
,0,0.0
,0,0.0
,0,0.0
,0,0.0
,0,0.0
,0,0.0
,0,0.0
,0,0.0
,0,0.0
,0,0.0
,0,0.0
,0,0.0
,0,0.0
,0,0.0
,0,0.0
,0,0.0
,0,0.0
,0,0.0
,0,0.0
,0,0.0
,0,0.0
,0,0.0
,0,0.0
,0,0.0
,0,0.0
,0,0.0
,0,0.0
,0,0.0
,0,0.0
,0,0.0
,0,0.0
,0,0.0
,0,0.0
,0,0.0
,0,0.0
,0,0.0
,0,0.0
,0,0.0
,0,0.0
,0,0.0
,0,0.0
,0,0.0
,0,0.0
,0,0.0
,0,0.0
,0,0.0
,0,0.0
,0,0.0
,0,0.0
,0,0.0
,0,0.0
,0,0.0
,0,0.0
,0,0.0
,0,0.0
,0,0.0
,0,0.0
,0,0.0
,0,0.0
,0,0.0
,0,0.0
,0,0.0
,0,0.0
,0,0.0
,0,0.0
,0,0.0
,0,0.0
,0,0.0
,0,0.0
,0,0.0
,0,0.0
,0,0.0
,0,0.0
,0,0.0
,0,0.0
,0,0.0
,0,0.0
,0,0.0
,0,0.0
,0,0.0
,0,0.0
,0,0.0
,0,0.0
,0,0.0
,0,0.0
,0,0.0
,0,0.0
,0,0.0
,0,0.0
,0,0.0
,0,0.0
,0,0.0
,0,0.0
,0,0.0
,0,0.0
,0,0.0
,0,0.0
,0,0.0
,0,0.0
,0,0.0
,0,0.0
,0,0.0
,0,0.0
,0,0.0
,0,0.0
,0,0.0
,0,0.0
,0,0.0
,0,0.0
,0,0.0
,0,0.0
,0,0.0
,0,0.0
,0,0.0
,0,0.0
,0,0.0
,0,0.0
,0,0.0
,0,0.0
,0,0.0
,0,0.0
,0,0.0
,0,0.0
,0,0.0
,0,0.0
,0,0.0
,0,0.0
,0,0.0
,0,0.0
,0,0.0
,0,0.0
,0,0.0
,0,0.0
,0,0.0
,0,0.0
,0,0.0
,0,0.0
,0,0.0
,0,0.0
,0,0.0
,0,0.0
,0,0.0
,0,0.0
,0,0.0
,0,0.0
,0,0.0
,0,0.0
,0,0.0
,0,0.0
,0,0.0
,0,0.0
,0,0.0
,0,0.0
,0,0.0
,0,0.0
,0,0.0
,0,0.0
,0,0.0
,0,0.0
,0,0.0
,0,0.0
,0,0.0
,0,0.0
,0,0.0
,0,0.0
,0,0.0
,0,0.0
,0,0.0
,0,0.0
,0,0.0
,0,0.0
,0,0.0
,0,0.0
,0,0.0
,0,0.0
,0,0.0
,0,0.0
,0,0.0
,0,0.0
,0,0.0
,0,0.0
,0,0.0
,0,0.0
,0,0.0
,0,0.0
,0,0.0
,0,0.0
,0,0.0
,0,0.0
,0,0.0
,0,0.0
,0,0.0
,0,0.0
,0,0.0
,0,0.0
,0,0.0
,0,0.0
,0,0.0
,0,0.0
,0,0.0
,0,0.0
,0,0.0
,0,0.0
,0,0.0
,0,0.0
,0,0.0
,0,0.0
,0,0.0
,0,0.0
,0,0.0
,0,0.0
,0,0.0
,0,0.0
,0,0.0
,0,0.0
,0,0.0
,0,0.0
,0,0.0
,0,0.0
,0,0.0
,0,0.0
,0,0.0
,0,0.0
,0,0.0
,0,0.0
,0,0.0
,0,0.0
,0,0.0
,0,0.0
,0,0.0
,0,0.0
,0,0.0
,0,0.0
,0,0.0
,0,0.0
,0,0.0
,0,0.0
,0,0.0
,0,0.0
,0,0.0
,0,0.0
,0,0.0
,0,0.0
,0,0.0
,0,0.0
,0,0.0
362.49384214393166,0,0.0
361.5191970138798,1,0.0
344.7733291944195,0,0.0
,0,0.0
,0,0.0
,0,0.0
,0,0.0
,0,0.0
,0,0.0
,0,0.0
,0,0.0
,0,0.0
,0,0.0
,0,0.0
,0,0.0
,0,0.0
,0,0.0
,0,0.0
,0,0.0
,0,0.0
,0,0.0
,0,0.0
,0,0.0
,0,0.0
,0,0.0
,0,0.0
,0,0.0
,0,0.0
,0,0.0
,0,0.0
,0,0.0
,0,0.0
,0,0.0
,0,0.0
,0,0.0
,0,0.0
,0,0.0
,0,0.0
,0,0.0
,0,0.0
,0,0.0
,0,0.0
,0,0.0
,0,0.0
,0,0.0
,0,0.0
,0,0.0
,0,0.0
,0,0.0
,0,0.0
,0,0.0
,0,0.0
,0,0.0
,0,0.0
,0,0.0
,0,0.0
,0,0.0
,0,0.0
,0,0.0
,0,0.0
,0,0.0
,0,0.0
,0,0.0
,0,0.0
,0,0.0
,0,0.0
,0,0.0
,0,0.0
,0,0.0
,0,0.0
,0,0.0
,0,0.0
,0,0.0
,0,0.0
,0,0.0
,0,0.0
,0,0.0
,0,0.0
,0,0.0
,0,0.0
,0,0.0
,0,0.0
,0,0.0
,0,0.0
,0,0.0
,0,0.0
,0,0.0
,0,0.0
,0,0.0
,0,0.0
,0,0.0
,0,0.0
,0,0.0
,0,0.0
,0,0.0
,0,0.0
,0,0.0
,0,0.0
,0,0.0
,0,0.0
,0,0.0
,0,0.0
,0,0.0
,0,0.0
,0,0.0
,0,0.0
,0,0.0
,0,0.0
,0,0.0
,0,0.0
,0,0.0
,0,0.0
,0,0.0
,0,0.0
,0,0.0
,0,0.0
,0,0.0
,0,0.0
,0,0.0
,0,0.0
,0,0.0
,0,0.0
,0,0.0
,0,0.0
,0,0.0
,0,0.0
,0,0.0
,0,0.0
,0,0.0
,0,0.0
,0,0.0
,0,0.0
,0,0.0
,0,0.0
,0,0.0
,0,0.0
,0,0.0
,0,0.0
,0,0.0
,0,0.0
,0,0.0
,0,0.0
,0,0.0
,0,0.0
,0,0.0
,0,0.0
,0,0.0
,0,0.0
,0,0.0
,0,0.0
,0,0.0
,0,0.0
,0,0.0
,0,0.0
,0,0.0
,0,0.0
,0,0.0
,0,0.0
,0,0.0
,0,0.0
,0,0.0
,0,0.0
,0,0.0
,0,0.0
,0,0.0
,0,0.0
,0,0.0
,0,0.0
,0,0.0
,0,0.0
,0,0.0
,0,0.0
,0,0.0
,0,0.0
,0,0.0
,0,0.0
,0,0.0
,0,0.0
,0,0.0
,0,0.0
,0,0.0
,0,0.0
,0,0.0
,0,0.0
,0,0.0
,0,0.0
,0,0.0
,0,0.0
,0,0.0
,0,0.0
,0,0.0
,0,0.0
,0,0.0
,0,0.0
,0,0.0
,0,0.0
,0,0.0
,0,0.0
,0,0.0
,0,0.0
,0,0.0
,0,0.0
,0,0.0
,0,0.0
,0,0.0
,0,0.0
,0,0.0
,0,0.0
,0,0.0
,0,0.0
,0,0.0
,0,0.0
,0,0.0
,0,0.0
,0,0.0
,0,0.0
,0,0.0
,0,0.0
,0,0.0
,0,0.0
,0,0.0
,0,0.0
,0,0.0
,0,0.0
,0,0.0
,0,0.0
,0,0.0
,0,0.0
,0,0.0
,0,0.0
,0,0.0
,0,0.0
,0,0.0
,0,0.0
,0,0.0
,0,0.0
,0,0.0
,0,0.0
,0,0.0
,0,0.0
,0,0.0
,0,0.0
,0,0.0
,0,0.0
,0,0.0
,0,0.0
,0,0.0
,0,0.0
,0,0.0
,0,0.0
,0,0.0
,0,0.0
,0,0.0
,0,0.0
,0,0.0
,0,0.0
,0,0.0
,0,0.0
,0,0.0
,0,0.0
,0,0.0
,0,0.0
,0,0.0
,0,0.0
,0,0.0
,0,0.0
,0,0.0
,0,0.0
,0,0.0
,0,0.0
,0,0.0
,0,0.0
,0,0.0
,0,0.0
,0,0.0
,0,0.0
,0,0.0
,0,0.0
,0,0.0
,0,0.0
,0,0.0
,0,0.0
,0,0.0
,0,0.0
,0,0.0
,0,0.0
,0,0.0
,0,0.0
,0,0.0
,0,0.0
,0,0.0
,0,0.0
,0,0.0
,0,0.0
,0,0.0
,0,0.0
,0,0.0
,0,0.0
,0,0.0
,0,0.0
,0,0.0
,0,0.0
,0,0.0
,0,0.0
,0,0.0
,0,0.0
,0,0.0
,0,0.0
,0,0.0
,0,0.0
,0,0.0
,0,0.0
,0,0.0
,0,0.0
,0,0.0
,0,0.0
,0,0.0
,0,0.0
,0,0.0
,0,0.0
,0,0.0
,0,0.0
,0,0.0
,0,0.0
,0,0.0
,0,0.0
,0,0.0
,0,0.0
,0,0.0
,0,0.0
,0,0.0
,0,0.0
,0,0.0
,0,0.0
,0,0.0
,0,0.0
,0,0.0
,0,0.0
,0,0.0
,0,0.0
,0,0.0
,0,0.0
,0,0.0
,0,0.0
,0,0.0
,0,0.0
,0,0.0
,0,0.0
,0,0.0
,0,0.0
,0,0.0
,0,0.0
,0,0.0
,0,0.0
,0,0.0
,0,0.0
,0,0.0
,0,0.0
,0,0.0
,0,0.0
,0,0.0
,0,0.0
,0,0.0
,0,0.0
,0,0.0
,0,0.0
,0,0.0
,0,0.0
,0,0.0
,0,0.0
,0,0.0
,0,0.0
,0,0.0
,0,0.0
,0,0.0
,0,0.0
,0,0.0
,0,0.0
,0,0.0
,0,0.0
,0,0.0
,0,0.0
,0,0.0
,0,0.0
,0,0.0
,0,0.0
,0,0.0
,0,0.0
,0,0.0
,0,0.0
,0,0.0
,0,0.0
,0,0.0
,0,0.0
,0,0.0
,0,0.0
,0,0.0
,0,0.0
,0,0.0
,0,0.0
,0,0.0
,0,0.0
,0,0.0
,0,0.0
,0,0.0
,0,0.0
,0,0.0
,0,0.0
,0,0.0
,0,0.0
,0,0.0
,0,0.0
,0,0.0
,0,0.0
,0,0.0
,0,0.0
,0,0.0
,0,0.0
,0,0.0
,0,0.0
,0,0.0
,0,0.0
,0,0.0
,0,0.0
,0,0.0
,0,0.0
,0,0.0
,0,0.0
,0,0.0
,0,0.0
,0,0.0
,0,0.0
,0,0.0
,0,0.0
,0,0.0
,0,0.0
,0,0.0
,0,0.0
,0,0.0
,0,0.0
,0,0.0
,0,0.0
,0,0.0
,0,0.0
,0,0.0
,0,0.0
,0,0.0
,0,0.0
,0,0.0
,0,0.0
,0,0.0
,0,0.0
,0,0.0
,0,0.0
,0,0.0
,0,0.0
,0,0.0
,0,0.0
,0,0.0
,0,0.0
,0,0.0
,0,0.0
,0,0.0
,0,0.0
,0,0.0
,0,0.0
,0,0.0
,0,0.0
,0,0.0
,0,0.0
,0,0.0
,0,0.0
,0,0.0
,0,0.0
,0,0.0
,0,0.0
,0,0.0
,0,0.0
,0,0.0
,0,0.0
,0,0.0
,0,0.0
,0,0.0
,0,0.0
,0,0.0
,0,0.0
,0,0.0
,0,0.0
,0,0.0
,0,0.0
,0,0.0
,0,0.0
,0,0.0
,0,0.0
,0,0.0
,0,0.0
,0,0.0
,0,0.0
,0,0.0
,0,0.0
,0,0.0
,0,0.0
,0,0.0
,0,0.0
,0,0.0
,0,0.0
,0,0.0
,0,0.0
,0,0.0
,0,0.0
,0,0.0
,0,0.0
,0,0.0
,0,0.0
,0,0.0
,0,0.0
,0,0.0
,0,0.0
,0,0.0
,0,0.0
,0,0.0
,0,0.0
,0,0.0
,0,0.0
,0,0.0
,0,0.0
251.4168535793243,0,0.08333333333333333
255.02155810386495,0,1.0
254.79608537011052,0,1.0
255.64788589976555,0,0.9090909090909091
266.2767431700199,0,0.5454545454545454
291.13311519588666,0,0.45454545454545453
353.3580613437332,0,0.18181818181818182
358.7836931527097,0,1.0
365.1471134618543,0,1.0
359.1309431504497,0,1.0
360.2423170637067,0,1.0
350.74372506754867,0,1.0
334.2495324590178,0,1.0
324.618851459883,0,1.0
312.3029738368806,0,1.0
305.3318710395015,0,1.0
,0,0.0
,0,0.0
,0,0.0
340.4379693043297,0,0.45454545454545453
330.52611562657756,0,0.18181818181818182
325.64717326583013,0,1.0
323.1740672145111,0,1.0
318.56469738190043,0,0.09090909090909091
,0,0.0
,0,0.0
,0,0.0
,0,0.0
,0,0.0
,0,0.0
,0,0.0
,0,0.0
,0,0.0
,0,0.0
,0,0.0
,0,0.0
,0,0.0
,0,0.0
,0,0.0
,0,0.0
,0,0.0
,0,0.0
,0,0.0
,0,0.0
,0,0.0
,0,0.0
,0,0.0
,0,0.0
,0,0.0
,0,0.0
,0,0.0
,0,0.0
,0,0.0
,0,0.0
,0,0.0
,0,0.0
,0,0.0
,0,0.0
,0,0.0
,0,0.0
,0,0.0
,0,0.0
,0,0.0
,0,0.0
,0,0.0
,0,0.0
,0,0.0
,0,0.0
,0,0.0
,0,0.0
,0,0.0
,0,0.0
,0,0.0
,0,0.0
,0,0.0
,0,0.0
,0,0.0
,0,0.0
,0,0.0
,0,0.0
,0,0.0
,0,0.0
,0,0.0
,0,0.0
,0,0.0
,0,0.0
,0,0.0
,0,0.0
,0,0.0
,0,0.0
,0,0.0
,0,0.0
,0,0.0
,0,0.0
,0,0.0
,0,0.0
,0,0.0
,0,0.0
,0,0.0
,0,0.0
,0,0.0
,0,0.0
,0,0.0
,0,0.0
,0,0.0
,0,0.0
,0,0.0
,0,0.0
,0,0.0
,0,0.0
,0,0.0
,0,0.0
,0,0.0
,0,0.0
,0,0.0
,0,0.0
,0,0.0
,0,0.0
,0,0.0
,0,0.0
,0,0.0
,0,0.0
,0,0.0
,0,0.0
,0,0.0
,0,0.0
,0,0.0
,0,0.0
,0,0.0
,0,0.0
,0,0.0
,0,0.0
,0,0.0
,0,0.0
,0,0.0
,0,0.0
,0,0.0
,0,0.0
,0,0.0
,0,0.0
,0,0.0
,0,0.0
,0,0.0
,0,0.0
,0,0.0
,0,0.0
,0,0.0
,0,0.0
,0,0.0
,0,0.0
,0,0.0
,0,0.0
,0,0.0
,0,0.0
,0,0.0
,0,0.0
,0,0.0
,0,0.0
,0,0.0
,0,0.0
,0,0.0
,0,0.0
,0,0.0
,0,0.0
,0,0.0
,0,0.0
,0,0.0
,0,0.0
,0,0.0
,0,0.0
,0,0.0
,0,0.0
,0,0.0
,0,0.0
,0,0.0
,0,0.0
,0,0.0
,0,0.0
,0,0.0
,0,0.0
,0,0.0
,0,0.0
,0,0.0
,0,0.0
,0,0.0
,0,0.0
,0,0.0
,0,0.0
,0,0.0
,0,0.0
,0,0.0
,0,0.0
,0,0.0
,0,0.0
,0,0.0
,0,0.0
,0,0.0
,0,0.0
,0,0.0
,0,0.0
,0,0.0
,0,0.0
,0,0.0
,0,0.0
,0,0.0
,0,0.0
,0,0.0
,0,0.0
,0,0.0
,0,0.0
,0,0.0
,0,0.0
,0,0.0
,0,0.0
,0,0.0
,0,0.0
,0,0.0
,0,0.0
,0,0.0
,0,0.0
,0,0.0
,0,0.0
,0,0.0
,0,0.0
,0,0.0
,0,0.0
,0,0.0
,0,0.0
,0,0.0
,0,0.0
,0,0.0
,0,0.0
,0,0.0
,0,0.0
,0,0.0
,0,0.0
,0,0.0
,0,0.0
,0,0.0
,0,0.0
,0,0.0
,0,0.0
,0,0.0
,0,0.0
,0,0.0
,0,0.0
,0,0.0
,0,0.0
,0,0.0
,0,0.0
,0,0.0
,0,0.0
,0,0.0
,0,0.0
,0,0.0
,0,0.0
,0,0.0
,0,0.0
,0,0.0
,0,0.0
,0,0.0
,0,0.0
,0,0.0
,0,0.0
,0,0.0
,0,0.0
,0,0.0
,0,0.0
,0,0.0
,0,0.0
,0,0.0
,0,0.0
,0,0.0
,0,0.0
,0,0.0
,0,0.0
,0,0.0
,0,0.0
,0,0.0
,0,0.0
,0,0.0
,0,0.0
,0,0.0
,0,0.0
,0,0.0
,0,0.0
,0,0.0
,0,0.0
,0,0.0
,0,0.0
,0,0.0
,0,0.0
,0,0.0
,0,0.0
,0,0.0
,0,0.0
,0,0.0
,0,0.0
,0,0.0
,0,0.0
,0,0.0
,0,0.0
,0,0.0
,0,0.0
,0,0.0
,0,0.0
,0,0.0
,0,0.0
,0,0.0
,0,0.0
,0,0.0
,0,0.0
,0,0.0
,0,0.0
,0,0.0
,0,0.0
,0,0.0
,0,0.0
,0,0.0
,0,0.0
,0,0.0
,0,0.0
,0,0.0
,0,0.0
,0,0.0
,0,0.0
,0,0.0
,0,0.0
,0,0.0
,0,0.0
,0,0.0
,0,0.0
,0,0.0
,0,0.0
,0,0.0
,0,0.0
,0,0.0
,0,0.0
,0,0.0
,0,0.0
,0,0.0
,0,0.0
,0,0.0
,0,0.0
,0,0.0
,0,0.0
,0,0.0
,0,0.0
,0,0.0
,0,0.0
,0,0.0
,0,0.0
,0,0.0
,0,0.0
,0,0.0
,0,0.0
,0,0.0
,0,0.0
,0,0.0
,0,0.0
,0,0.0
,0,0.0
,0,0.0
,0,0.0
,0,0.0
,0,0.0
,0,0.0
,0,0.0
,0,0.0
,0,0.0
,0,0.0
,0,0.0
,0,0.0
,0,0.0
,0,0.0
,0,0.0
,0,0.0
,0,0.0
,0,0.0
,0,0.0
,0,0.0
,0,0.0
,0,0.0
,0,0.0
,0,0.0
,0,0.0
,0,0.0
,0,0.0
,0,0.0
,0,0.0
,0,0.0
,0,0.0
,0,0.0
,0,0.0
,0,0.0
,0,0.0
,0,0.0
,0,0.0
,0,0.0
,0,0.0
,0,0.0
,0,0.0
,0,0.0
,0,0.0
,0,0.0
,0,0.0
,0,0.0
,0,0.0
,0,0.0
,0,0.0
,0,0.0
,0,0.0
,0,0.0
,0,0.0
,0,0.0
,0,0.0
,0,0.0
,0,0.0
,0,0.0
,0,0.0
,0,0.0
,0,0.0
,0,0.0
,0,0.0
,0,0.0
,0,0.0
,0,0.0
,0,0.0
,0,0.0
,0,0.0
,0,0.0
,0,0.0
,0,0.0
,0,0.0
,0,0.0
,0,0.0
,0,0.0
,0,0.0
,0,0.0
,0,0.0
,0,0.0
,0,0.0
,0,0.0
,0,0.0
,0,0.0
,0,0.0
,0,0.0
,0,0.0
,0,0.0
,0,0.0
,0,0.0
,0,0.0
,0,0.0
,0,0.0
,0,0.0
,0,0.0
,0,0.0
,0,0.0
,0,0.0
,0,0.0
,0,0.0
,0,0.0
,0,0.0
,0,0.0
,0,0.0
,0,0.0
,0,0.0
,0,0.0
,0,0.0
,0,0.0
,0,0.0
,0,0.0
,0,0.0
,0,0.0
,0,0.0
,0,0.0
,0,0.0
,0,0.0
,0,0.0
,0,0.0
,0,0.0
,0,0.0
,0,0.0
,0,0.0
,0,0.0
,0,0.0
,0,0.0
,0,0.0
,0,0.0
,0,0.0
,0,0.0
,0,0.0
,0,0.0
,0,0.0
,0,0.0
,0,0.0
,0,0.0
,0,0.0
,0,0.0
,0,0.0
,0,0.0
,0,0.0
,0,0.0
,0,0.0
,0,0.0
,0,0.0
,0,0.0
,0,0.0
,0,0.0
,0,0.0
,0,0.0
,0,0.0
,0,0.0
,0,0.0
,0,0.0
,0,0.0
,0,0.0
,0,0.0
,0,0.0
,0,0.0
,0,0.0
,0,0.0
,0,0.0
,0,0.0
,0,0.0
,0,0.0
,0,0.0
,0,0.0
,0,0.0
,0,0.0
,0,0.0
,0,0.0
,0,0.0
,0,0.0
,0,0.0
,0,0.0
,0,0.0
,0,0.0
,0,0.0
,0,0.0
,0,0.0
,0,0.0
,0,0.0
,0,0.0
,0,0.0
,0,0.0
,0,0.0
,0,0.0
,0,0.0
,0,0.0
406.9070055166413,0,0.0
392.9268406563672,0,0.0
,0,0.0
,0,0.0
,0,0.0
,0,0.0
,0,0.0
,0,0.0
,0,0.0
,0,0.0
,0,0.0
,0,0.0
,0,0.0
,0,0.0
,0,0.0
,0,0.0
,0,0.0
,0,0.0
,0,0.0
,0,0.0
,0,0.0
,0,0.0
,0,0.0
,0,0.0
,0,0.0
,0,0.0
,0,0.0
,0,0.0
,0,0.0
,0,0.0
,0,0.0
,0,0.0
,0,0.0
,0,0.0
,0,0.0
,0,0.0
,0,0.0
,0,0.0
,0,0.0
,0,0.0
,0,0.0
,0,0.0
,0,0.0
,0,0.0
,0,0.0
,0,0.0
,0,0.0
,0,0.0
,0,0.0
,0,0.0
,0,0.0
,0,0.0
,0,0.0
,0,0.0
,0,0.0
,0,0.0
,0,0.0
,0,0.0
,0,0.0
,0,0.0
,0,0.0
,0,0.0
,0,0.0
,0,0.0
,0,0.0
,0,0.0
,0,0.0
,0,0.0
,0,0.0
,0,0.0
,0,0.0
,0,0.0
,0,0.0
,0,0.0
,0,0.0
,0,0.0
,0,0.0
,0,0.0
,0,0.0
,0,0.0
,0,0.0
,0,0.0
,0,0.0
,0,0.0
,0,0.0
,0,0.0
,0,0.0
,0,0.0
,0,0.0
,0,0.0
,0,0.0
,0,0.0
,0,0.0
,0,0.0
,0,0.0
,0,0.0
,0,0.0
,0,0.0
,0,0.0
,0,0.0
,0,0.0
,0,0.0
,0,0.0
,0,0.0
,0,0.0
,0,0.0
,0,0.0
,0,0.0
,0,0.0
,0,0.0
,0,0.0
,0,0.0
,0,0.0
,0,0.0
,0,0.0
,0,0.0
,0,0.0
,0,0.0
,0,0.0
,0,0.0
,0,0.0
,0,0.0
,0,0.0
,0,0.0
,0,0.0
,0,0.0
,0,0.0
,0,0.0
,0,0.0
,0,0.0
,0,0.0
,0,0.0
,0,0.0
,0,0.0
,0,0.0
,0,0.0
,0,0.0
,0,0.0
,0,0.0
,0,0.0
,0,0.0
,0,0.0
,0,0.0
,0,0.0
,0,0.0
,0,0.0
,0,0.0
,0,0.0
,0,0.0
,0,0.0
,0,0.0
,0,0.0
,0,0.0
,0,0.0
,0,0.0
,0,0.0
,0,0.0
,0,0.0
,0,0.0
,0,0.0
,0,0.0
,0,0.0
,0,0.0
,0,0.0
,0,0.0
,0,0.0
,0,0.0
,0,0.0
,0,0.0
,0,0.0
,0,0.0
,0,0.0
,0,0.0
,0,0.0
,0,0.0
,0,0.0
,0,0.0
,0,0.0
,0,0.0
,0,0.0
,0,0.0
,0,0.0
,0,0.0
,0,0.0
,0,0.0
,0,0.0
,0,0.0
,0,0.0
,0,0.0
,0,0.0
,0,0.0
,0,0.0
,0,0.0
,0,0.0
,0,0.0
,0,0.0
,0,0.0
,0,0.0
,0,0.0
,0,0.0
,0,0.0
,0,0.0
,0,0.0
,0,0.0
,0,0.0
,0,0.0
,0,0.0
,0,0.0
,0,0.0
,0,0.0
,0,0.0
,0,0.0
,0,0.0
,0,0.0
,0,0.0
,0,0.0
,0,0.0
,0,0.0
,0,0.0
,0,0.0
,0,0.0
,0,0.0
,0,0.0
,0,0.0
,0,0.0
,0,0.0
,0,0.0
,0,0.0
,0,0.0
,0,0.0
,0,0.0
,0,0.0
,0,0.0
,0,0.0
,0,0.0
,0,0.0
,0,0.0
,0,0.0
,0,0.0
,0,0.0
,0,0.0
,0,0.0
,0,0.0
,0,0.0
,0,0.0
,0,0.0
,0,0.0
,0,0.0
,0,0.0
,0,0.0
,0,0.0
,0,0.0
,0,0.0
,0,0.0
,0,0.0
,0,0.0
,0,0.0
,0,0.0
,0,0.0
,0,0.0
,0,0.0
,0,0.0
,0,0.0
,0,0.0
,0,0.0
,0,0.0
,0,0.0
,0,0.0
,0,0.0
,0,0.0
,0,0.0
,0,0.0
,0,0.0
,0,0.0
,0,0.0
,0,0.0
,0,0.0
,0,0.0
,0,0.0
,0,0.0
,0,0.0
,0,0.0
,0,0.0
,0,0.0
,0,0.0
,0,0.0
,0,0.0
,0,0.0
,0,0.0
,0,0.0
,0,0.0
,0,0.0
,0,0.0
,0,0.0
,0,0.0
,0,0.0
,0,0.0
,0,0.0
,0,0.0
,0,0.0
,0,0.0
,0,0.0
,0,0.0
,0,0.0
,0,0.0
,0,0.0
,0,0.0
,0,0.0
,0,0.0
,0,0.0
,0,0.0
,0,0.0
,0,0.0
,0,0.0
,0,0.0
,0,0.0
,0,0.0
,0,0.0
,0,0.0
,0,0.0
,0,0.0
,0,0.0
,0,0.0
,0,0.0
,0,0.0
,0,0.0
,0,0.0
,0,0.0
,0,0.0
,0,0.0
,0,0.0
,0,0.0
,0,0.0
,0,0.0
,0,0.0
,0,0.0
,0,0.0
,0,0.0
,0,0.0
,0,0.0
,0,0.0
,0,0.0
,0,0.0
,0,0.0
,0,0.0
,0,0.0
,0,0.0
,0,0.0
,0,0.0
,0,0.0
,0,0.0
,0,0.0
,0,0.0
,0,0.0
,0,0.0
,0,0.0
,0,0.0
,0,0.0
,0,0.0
,0,0.0
,0,0.0
,0,0.0
,0,0.0
,0,0.0
,0,0.0
,0,0.0
,0,0.0
,0,0.0
,0,0.0
,0,0.0
,0,0.0
,0,0.0
,0,0.0
,0,0.0
,0,0.0
,0,0.0
,0,0.0
,0,0.0
,0,0.0
,0,0.0
,0,0.0
,0,0.0
,0,0.0
,0,0.0
,0,0.0
,0,0.0
,0,0.0
,0,0.0
,0,0.0
,0,0.0
,0,0.0
,0,0.0
,0,0.0
,0,0.0
,0,0.0
,0,0.0
,0,0.0
,0,0.0
,0,0.0
,0,0.0
,0,0.0
,0,0.0
,0,0.0
,0,0.0
,0,0.0
,0,0.0
,0,0.0
,0,0.0
,0,0.0
,0,0.0
,0,0.0
,0,0.0
,0,0.0
,0,0.0
,0,0.0
,0,0.0
,0,0.0
,0,0.0
,0,0.0
,0,0.0
,0,0.0
,0,0.0
,0,0.0
,0,0.0
,0,0.0
,0,0.0
,0,0.0
,0,0.0
,0,0.0
,0,0.0
,0,0.0
,0,0.0
,0,0.0
,0,0.0
,0,0.0
,0,0.0
,0,0.0
,0,0.0
,0,0.0
,0,0.0
,0,0.0
,0,0.0
,0,0.0
,0,0.0
,0,0.0
,0,0.0
,0,0.0
,0,0.0
,0,0.0
,0,0.0
,0,0.0
,0,0.0
,0,0.0
,0,0.0
,0,0.0
,0,0.0
,0,0.0
,0,0.0
,0,0.0
,0,0.0
,0,0.0
,0,0.0
,0,0.0
,0,0.0
,0,0.0
,0,0.0
,0,0.0
,0,0.0
,0,0.0
,0,0.0
,0,0.0
,0,0.0
,0,0.0
,0,0.0
,0,0.0
,0,0.0
,0,0.0
,0,0.0
,0,0.0
,0,0.0
,0,0.0
,0,0.0
,0,0.0
,0,0.0
,0,0.0
,0,0.0
,0,0.0
,0,0.0
,0,0.0
,0,0.0
,0,0.0
,0,0.0
,0,0.0
,0,0.0
,0,0.0
,0,0.0
,0,0.0
,0,0.0
,0,0.0
,0,0.0
,0,0.0
,0,0.0
,0,0.0
,0,0.0
,0,0.0
,0,0.0
,0,0.0
,0,0.0
,0,0.0
,0,0.0
,0,0.0
,0,0.0
,0,0.0
,0,0.0
,0,0.0
,0,0.0
,0,0.0
,0,0.0
,0,0.0
,0,0.0
,0,0.0
,0,0.0
,0,0.0
,0,0.0
,0,0.0
,0,0.0
,0,0.0
,0,0.0
,0,0.0
,0,0.0
,0,0.0
,0,0.0
,0,0.0
,0,0.0
,0,0.0
,0,0.0
,0,0.0
,0,0.0
,0,0.0
,0,0.0
,0,0.0
,0,0.0
,0,0.0
,0,0.0
,0,0.0
,0,0.0
,0,0.0
,0,0.0
,0,0.0
,0,0.0
,0,0.0
,0,0.0
,0,0.0
,0,0.0
,0,0.0
,0,0.0
,0,0.0
,0,0.0
,0,0.0
,0,0.0
,0,0.0
,0,0.0
,0,0.0
,0,0.0
,0,0.0
,0,0.0
,0,0.0
,0,0.0
,0,0.0
,0,0.0
,0,0.0
,0,0.0
,0,0.0
,0,0.0
,0,0.0
,0,0.0
,0,0.0
,0,0.0
,0,0.0
,0,0.0
,0,0.0
,0,0.0
,0,0.0
,0,0.0
,0,0.0
,0,0.0
,0,0.0
,0,0.0
,0,0.0
,0,0.0
,0,0.0
,0,0.0
,0,0.0
,0,0.0
,0,0.0
,0,0.0
,0,0.0
,0,0.0
,0,0.0
,0,0.0
,0,0.0
,0,0.0
,0,0.0
,0,0.0
,0,0.0
,0,0.0
,0,0.0
,0,0.0
,0,0.0
,0,0.0
,0,0.0
,0,0.0
,0,0.0
,0,0.0
,0,0.0
,0,0.0
,0,0.0
,0,0.0
,0,0.0
,0,0.0
,0,0.0
,0,0.0
,0,0.0
,0,0.0
,0,0.0
,0,0.0
,0,0.0
,0,0.0
,0,0.0
,0,0.0
,0,0.0
,0,0.0
,0,0.0
,0,0.0
,0,0.0
,0,0.0
,0,0.0
,0,0.0
,0,0.0
,0,0.0
,0,0.0
,0,0.0
,0,0.0
,0,0.0
,0,0.0
,0,0.0
,0,0.0
,0,0.0
,0,0.0
,0,0.0
,0,0.0
,0,0.0
,0,0.0
,0,0.0
,0,0.0
,0,0.0
,0,0.0
,0,0.0
,0,0.0
,0,0.0
,0,0.0
,0,0.0
,0,0.0
,0,0.0
,0,0.0
,0,0.0
,0,0.0
,0,0.0
,0,0.0
,0,0.0
,0,0.0
,0,0.0
,0,0.0
,0,0.0
,0,0.0
,0,0.0
,0,0.0
,0,0.0
,0,0.0
,0,0.0
,0,0.0
,0,0.0
,0,0.0
,0,0.0
,0,0.0
,0,0.0
,0,0.0
,0,0.0
,0,0.0
,0,0.0
,0,0.0
,0,0.0
,0,0.0
,0,0.0
,0,0.0
,0,0.0
,0,0.0
,0,0.0
,0,0.0
,0,0.0
,0,0.0
,0,0.0
,0,0.0
,0,0.0
,0,0.0
,0,0.0
,0,0.0
,0,0.0
,0,0.0
,0,0.0
,0,0.0
,0,0.0
,0,0.0
,0,0.0
,0,0.0
,0,0.0
,0,0.0
,0,0.0
,0,0.0
,0,0.0
,0,0.0
,0,0.0
,0,0.0
,0,0.0
,0,0.0
,0,0.0
,0,0.0
,0,0.0
,0,0.0
,0,0.0
,0,0.0
,0,0.0
,0,0.0
,0,0.0
,0,0.0
,0,0.0
,0,0.0
,0,0.0
,0,0.0
,0,0.0
,0,0.0
,0,0.0
,0,0.0
,0,0.0
,0,0.0
,0,0.0
,0,0.0
,0,0.0
,0,0.0
,0,0.0
,0,0.0
,0,0.0
,0,0.0
,0,0.0
,0,0.0
,0,0.0
,0,0.0
,0,0.0
,0,0.0
,0,0.0
,0,0.0
,0,0.0
,0,0.0
,0,0.0
,0,0.0
,0,0.0
,0,0.0
,0,0.0
,0,0.0
,0,0.0
,0,0.0
,0,0.0
,0,0.0
,0,0.0
,0,0.0
,0,0.0
,0,0.0
,0,0.0
,0,0.0
,0,0.0
,0,0.0
,0,0.0
,0,0.0
,0,0.0
,0,0.0
,0,0.0
,0,0.0
,0,0.0
,0,0.0
,0,0.0
,0,0.0
,0,0.0
,0,0.0
,0,0.0
,0,0.0
,0,0.0
,0,0.0
,0,0.0
,0,0.0
,0,0.0
,0,0.0
,0,0.0
,0,0.0
,0,0.0
,0,0.0
,0,0.0
,0,0.0
,0,0.0
,0,0.0
,0,0.0
,0,0.0
,0,0.0
,0,0.0
,0,0.0
,0,0.0
,0,0.0
,0,0.0
,0,0.0
,0,0.0
,0,0.0
,0,0.0
,0,0.0
,0,0.0
,0,0.0
,0,0.0
,0,0.0
,0,0.0
,0,0.0
,0,0.0
,0,0.0
,0,0.0
,0,0.0
,0,0.0
,0,0.0
,0,0.0
,0,0.0
,0,0.0
,0,0.0
,0,0.0
,0,0.0
,0,0.0
,0,0.0
,0,0.0
,0,0.0
,0,0.0
,0,0.0
,0,0.0
,0,0.0
,0,0.0
,0,0.0
,0,0.0
,0,0.0
,0,0.0
,0,0.0
,0,0.0
,0,0.0
,0,0.0
,0,0.0
,0,0.0
,0,0.0
,0,0.0
,0,0.0
,0,0.0
,0,0.0
,0,0.0
,0,0.0
,0,0.0
,0,0.0
,0,0.0
,0,0.0
,0,0.0
,0,0.0
,0,0.0
,0,0.0
,0,0.0
,0,0.0
,0,0.0
,0,0.0
,0,0.0
,0,0.0
,0,0.0
,0,0.0
,0,0.0
,0,0.0
,0,0.0
,0,0.0
,0,0.0
,0,0.0
,0,0.0
,0,0.0
,0,0.0
,0,0.0
,0,0.0
,0,0.0
,0,0.0
,0,0.0
,0,0.0
,0,0.0
,0,0.0
,0,0.0
,0,0.0
,0,0.0
,0,0.0
,0,0.0
,0,0.0
,0,0.0
,0,0.0
,0,0.0
,0,0.0
,0,0.0
,0,0.0
,0,0.0
,0,0.0
,0,0.0
,0,0.0
,0,0.0
,0,0.0
,0,0.0
,0,0.0
,0,0.0
,0,0.0
,0,0.0
,0,0.0
,0,0.0
,0,0.0
,0,0.0
,0,0.0
,0,0.0
,0,0.0
,0,0.0
,0,0.0
,0,0.0
,0,0.0
,0,0.0
,0,0.0
,0,0.0
,0,0.0
,0,0.0
,0,0.0
,0,0.0
,0,0.0
,0,0.0
,0,0.0
,0,0.0
,0,0.0
,0,0.0
,0,0.0
,0,0.0
,0,0.0
,0,0.0
,0,0.0
,0,0.0
,0,0.0
,0,0.0
,0,0.0
,0,0.0
,0,0.0
,0,0.0
,0,0.0
,0,0.0
,0,0.0
,0,0.0
,0,0.0
,0,0.0
,0,0.0
,0,0.0
,0,0.0
,0,0.0
,0,0.0
,0,0.0
,0,0.0
,0,0.0
,0,0.0
,0,0.0
,0,0.0
,0,0.0
,0,0.0
,0,0.0
,0,0.0
,0,0.0
,0,0.0
,0,0.0
,0,0.0
,0,0.0
,0,0.0
,0,0.0
,0,0.0
,0,0.0
,0,0.0
,0,0.0
,0,0.0
,0,0.0
,0,0.0
,0,0.0
,0,0.0
,0,0.0
,0,0.0
,0,0.0
,0,0.0
,0,0.0
,0,0.0
,0,0.0
,0,0.0
,0,0.0
,0,0.0
,0,0.0
,0,0.0
,0,0.0
,0,0.0
,0,0.0
,0,0.0
,0,0.0
,0,0.0
,0,0.0
,0,0.0
,0,0.0
,0,0.0
,0,0.0
,0,0.0
,0,0.0
,0,0.0
,0,0.0
,0,0.0
,0,0.0
,0,0.0
,0,0.0
,0,0.0
,0,0.0
,0,0.0
,0,0.0
,0,0.0
,0,0.0
,0,0.0
,0,0.0
,0,0.0
,0,0.0
,0,0.0
,0,0.0
,0,0.0
,0,0.0
,0,0.0
,0,0.0
,0,0.0
,0,0.0
,0,0.0
,0,0.0
,0,0.0
,0,0.0
,0,0.0
,0,0.0
,0,0.0
,0,0.0
,0,0.0
,0,0.0
,0,0.0
,0,0.0
,0,0.0
,0,0.0
,0,0.0
,0,0.0
,0,0.0
,0,0.0
,0,0.0
,0,0.0
,0,0.0
,0,0.0
,0,0.0
,0,0.0
,0,0.0
,0,0.0
,0,0.0
,0,0.0
,0,0.0
,0,0.0
,0,0.0
,0,0.0
,0,0.0
,0,0.0
,0,0.0
,0,0.0
,0,0.0
,0,0.0
,0,0.0
,0,0.0
,0,0.0
,0,0.0
,0,0.0
,0,0.0
,0,0.0
,0,0.0
,0,0.0
,0,0.0
,0,0.0
,0,0.0
,0,0.0
,0,0.0
,0,0.0
,0,0.0
,0,0.0
,0,0.0
,0,0.0
,0,0.0
,0,0.0
,0,0.0
,0,0.0
,0,0.0
,0,0.0
,0,0.0
,0,0.0
,0,0.0
,0,0.0
,0,0.0
,0,0.0
,0,0.0
,0,0.0
,0,0.0
,0,0.0
,0,0.0
,0,0.0
,0,0.0
,0,0.0
,0,0.0
,0,0.0
,0,0.0
,0,0.0
,0,0.0
,0,0.0
,0,0.0
,0,0.0
,0,0.0
,0,0.0
,0,0.0
,0,0.0
,0,0.0
,0,0.0
,0,0.0
,0,0.0
,0,0.0
,0,0.0
,0,0.0
,0,0.0
,0,0.0
,0,0.0
,0,0.0
,0,0.0
,0,0.0
,0,0.0
,0,0.0
,0,0.0
,0,0.0
,0,0.0
,0,0.0
,0,0.0
,0,0.0
,0,0.0
,0,0.0
,0,0.0
,0,0.0
,0,0.0
,0,0.0
,0,0.0
,0,0.0
,0,0.0
,0,0.0
,0,0.0
,0,0.0
,0,0.0
,0,0.0
,0,0.0
,0,0.0
,0,0.0
,0,0.0
,0,0.0
,0,0.0
,0,0.0
,0,0.0
,0,0.0
,0,0.0
,0,0.0
,0,0.0
,0,0.0
,0,0.0
,0,0.0
,0,0.0
,0,0.0
,0,0.0
,0,0.0
,0,0.0
,0,0.0
,0,0.0
,0,0.0
,0,0.0
,0,0.0
,0,0.0
,0,0.0
,0,0.0
,0,0.0
,0,0.0
,0,0.0
,0,0.0
,0,0.0
,0,0.0
,0,0.0
,0,0.0
,0,0.0
,0,0.0
,0,0.0
,0,0.0
,0,0.0
,0,0.0
,0,0.0
,0,0.0
,0,0.0
,0,0.0
,0,0.0
,0,0.0
,0,0.0
,0,0.0
,0,0.0
,0,0.0
,0,0.0
,0,0.0
,0,0.0
,0,0.0
,0,0.0
,0,0.0
,0,0.0
,0,0.0
,0,0.0
,0,0.0
,0,0.0
,0,0.0
,0,0.0
,0,0.0
,0,0.0
,0,0.0
,0,0.0
,0,0.0
,0,0.0
,0,0.0
,0,0.0
,0,0.0
,0,0.0
,0,0.0
,0,0.0
,0,0.0
,0,0.0
,0,0.0
,0,0.0
,0,0.0
,0,0.0
,0,0.0
,0,0.0
,0,0.0
,0,0.0
,0,0.0
,0,0.0
,0,0.0
,0,0.0
,0,0.0
,0,0.0
,0,0.0
,0,0.0
,0,0.0
,0,0.0
,0,0.0
,0,0.0
,0,0.0
,0,0.0
,0,0.0
,0,0.0
,0,0.0
,0,0.0
,0,0.0
,0,0.0
,0,0.0
,0,0.0
,0,0.0
,0,0.0
,0,0.0
,0,0.0
,0,0.0
,0,0.0
,0,0.0
,0,0.0
,0,0.0
,0,0.0
,0,0.0
,0,0.0
,0,0.0
,0,0.0
,0,0.0
,0,0.0
,0,0.0
,0,0.0
,0,0.0
,0,0.0
,0,0.0
,0,0.0
,0,0.0
,0,0.0
,0,0.0
,0,0.0
,0,0.0
,0,0.0
,0,0.0
,0,0.0
,0,0.0
,0,0.0
,0,0.0
,0,0.0
,0,0.0
,0,0.0
,0,0.0
,0,0.0
,0,0.0
,0,0.0
,0,0.0
,0,0.0
,0,0.0
,0,0.0
,0,0.0
,0,0.0
,0,0.0
,0,0.0
,0,0.0
,0,0.0
,0,0.0
,0,0.0
,0,0.0
,0,0.0
,0,0.0
,0,0.0
,0,0.0
,0,0.0
,0,0.0
,0,0.0
,0,0.0
,0,0.0
,0,0.0
,0,0.0
,0,0.0
,0,0.0
,0,0.0
,0,0.0
,0,0.0
,0,0.0
,0,0.0
,0,0.0
,0,0.0
,0,0.0
,0,0.0
,0,0.0
,0,0.0
,0,0.0
,0,0.0
,0,0.0
,0,0.0
,0,0.0
,0,0.0
,0,0.0
,0,0.0
,0,0.0
,0,0.0
,0,0.0
,0,0.0
,0,0.0
,0,0.0
,0,0.0
,0,0.0
,0,0.0
,0,0.0
,0,0.0
,0,0.0
,0,0.0
,0,0.0
,0,0.0
,0,0.0
,0,0.0
,0,0.0
,0,0.0
,0,0.0
,0,0.0
,0,0.0
,0,0.0
,0,0.0
,0,0.0
,0,0.0
,0,0.0
,0,0.0
,0,0.0
,0,0.0
,0,0.0
,0,0.0
,0,0.0
,0,0.0
,0,0.0
,0,0.0
,0,0.0
,0,0.0
,0,0.0
,0,0.0
,0,0.0
,0,0.0
,0,0.0
,0,0.0
,0,0.0
,0,0.0
,0,0.0
,0,0.0
,0,0.0
,0,0.0
,0,0.0
,0,0.0
,0,0.0
,0,0.0
,0,0.0
,0,0.0
,0,0.0
,0,0.0
,0,0.0
,0,0.0
,0,0.0
,0,0.0
,0,0.0
,0,0.0
,0,0.0
,0,0.0
,0,0.0
,0,0.0
,0,0.0
,0,0.0
,0,0.0
,0,0.0
,0,0.0
,0,0.0
,0,0.0
,0,0.0
,0,0.0
,0,0.0
,0,0.0
,0,0.0
,0,0.0
,0,0.0
,0,0.0
,0,0.0
,0,0.0
,0,0.0
,0,0.0
,0,0.0
,0,0.0
,0,0.0
,0,0.0
,0,0.0
,0,0.0
,0,0.0
,0,0.0
,0,0.0
,0,0.0
,0,0.0
,0,0.0
,0,0.0
,0,0.0
,0,0.0
,0,0.0
,0,0.0
,0,0.0
,0,0.0
,0,0.0
,0,0.0
,0,0.0
,0,0.0
,0,0.0
,0,0.0
,0,0.0
,0,0.0
,0,0.0
,0,0.0
,0,0.0
,0,0.0
,0,0.0
,0,0.0
,0,0.0
,0,0.0
,0,0.0
,0,0.0
,0,0.0
,0,0.0
,0,0.0
,0,0.0
,0,0.0
,0,0.0
,0,0.0
,0,0.0
,0,0.0
,0,0.0
,0,0.0
,0,0.0
,0,0.0
,0,0.0
,0,0.0
,0,0.0
,0,0.0
,0,0.0
,0,0.0
,0,0.0
,0,0.0
,0,0.0
,0,0.0
,0,0.0
,0,0.0
,0,0.0
,0,0.0
,0,0.0
,0,0.0
,0,0.0
,0,0.0
,0,0.0
,0,0.0
,0,0.0
,0,0.0
,0,0.0
,0,0.0
,0,0.0
,0,0.0
,0,0.0
,0,0.0
,0,0.0
,0,0.0
,0,0.0
,0,0.0
,0,0.0
,0,0.0
,0,0.0
,0,0.0
,0,0.0
,0,0.0
,0,0.0
,0,0.0
,0,0.0
,0,0.0
,0,0.0
,0,0.0
,0,0.0
,0,0.0
,0,0.0
,0,0.0
,0,0.0
,0,0.0
,0,0.0
,0,0.0
,0,0.0
,0,0.0
,0,0.0
,0,0.0
,0,0.0
,0,0.0
,0,0.0
,0,0.0
,0,0.0
,0,0.0
,0,0.0
,0,0.0
,0,0.0
,0,0.0
,0,0.0
,0,0.0
,0,0.0
,0,0.0
,0,0.0
,0,0.0
,0,0.0
,0,0.0
,0,0.0
,0,0.0
,0,0.0
,0,0.0
,0,0.0
,0,0.0
,0,0.0
,0,0.0
,0,0.0
,0,0.0
,0,0.0
,0,0.0
,0,0.0
,0,0.0
,0,0.0
,0,0.0
,0,0.0
,0,0.0
,0,0.0
,0,0.0
,0,0.0
,0,0.0
,0,0.0
,0,0.0
,0,0.0
,0,0.0
,0,0.0
,0,0.0
,0,0.0
,0,0.0
,0,0.0
,0,0.0
,0,0.0
,0,0.0
,0,0.0
,0,0.0
,0,0.0
,0,0.0
,0,0.0
,0,0.0
,0,0.0
,0,0.0
,0,0.0
,0,0.0
,0,0.0
,0,0.0
,0,0.0
,0,0.0
,0,0.0
,0,0.0
,0,0.0
,0,0.0
,0,0.0
,0,0.0
,0,0.0
,0,0.0
,0,0.0
,0,0.0
,0,0.0
,0,0.0
,0,0.0
,0,0.0
,0,0.0
,0,0.0
,0,0.0
,0,0.0
,0,0.0
,0,0.0
,0,0.0
,0,0.0
,0,0.0
,0,0.0
,0,0.0
,0,0.0
,0,0.0
,0,0.0
,0,0.0
,0,0.0
,0,0.0
,0,0.0
,0,0.0
,0,0.0
,0,0.0
,0,0.0
,0,0.0
,0,0.0
,0,0.0
,0,0.0
,0,0.0
,0,0.0
,0,0.0
,0,0.0
,0,0.0
,0,0.0
,0,0.0
,0,0.0
,0,0.0
,0,0.0
,0,0.0
,0,0.0
,0,0.0
,0,0.0
,0,0.0
,0,0.0
,0,0.0
,0,0.0
,0,0.0
,0,0.0
,0,0.0
,0,0.0
,0,0.0
,0,0.0
,0,0.0
,0,0.0
,0,0.0
,0,0.0
,0,0.0
,0,0.0
,0,0.0
,0,0.0
,0,0.0
,0,0.0
,0,0.0
,0,0.0
,0,0.0
,0,0.0
,0,0.0
,0,0.0
,0,0.0
,0,0.0
,0,0.0
,0,0.0
,0,0.0
,0,0.0
,0,0.0
,0,0.0
,0,0.0
,0,0.0
,0,0.0
,0,0.0
460.8551371206952,0,0.36363636363636365
454.80605905674736,0,0.8181818181818182
,0,0.0
,0,0.0
,0,0.0
,0,0.0
,0,0.0
,0,0.0
,0,0.0
,0,0.0
514.8152660010245,0,0.09090909090909091
512.5126496179234,0,1.0
513.0049887974915,0,0.45454545454545453
512.4324125036479,0,0.0
512.3846679234609,0,0.0
512.6551447117802,0,0.0
513.1690748880806,0,0.0
512.6177004743289,0,0.0
512.6857350384286,0,0.0
512.4505042019615,0,0.0
513.0099966930892,0,0.0
512.0216772871461,0,0.0
514.1764537968343,0,0.0
512.3192467960838,0,0.0
513.0204892526364,0,0.0
512.2782837931137,0,0.0
,0,0.0
,0,0.0
,0,0.0
,0,0.0
,0,0.0
513.1605491292966,0,0.0
512.4219216988309,0,0.0
514.4833544793916,0,0.0
512.5912154580204,0,0.0
,0,0.0
,0,0.0
,0,0.0
,0,0.0
,0,0.0
,0,0.0
,0,0.0
,0,0.0
,0,0.0
,0,0.0
,0,0.0
,0,0.0
,0,0.0
,0,0.0
,0,0.0
,0,0.0
,0,0.0
512.5472690111076,0,0.8333333333333334
513.2163507900415,0,0.0
512.28097659812,0,0.0
513.4687219014452,0,0.0
,0,0.0
,0,0.0
,0,0.0
,0,0.0
,0,0.0
512.4390602877681,0,0.0
512.517026478704,0,0.0
514.3053702210452,0,0.0
512.0785424938614,0,0.0
514.8198691565245,0,0.0
,0,0.0
,0,0.0
,0,0.0
,0,0.0
,0,0.0
,0,0.0
,0,0.0
,0,0.0
,0,0.0
,0,0.0
,0,0.0
,0,0.0
,0,0.0
,0,0.0
,0,0.0
,0,0.0
,0,0.0
,0,0.0
,0,0.0
,0,0.0
,0,0.0
,0,0.0
,0,0.0
,0,0.0
,0,0.0
,0,0.0
,0,0.0
,0,0.0
,0,0.0
,0,0.0
,0,0.0
,0,0.0
,0,0.0
,0,0.0
,0,0.0
,0,0.0
,0,0.0
,0,0.0
,0,0.0
,0,0.0
,0,0.0
,0,0.0
,0,0.0
,0,0.0
,0,0.0
,0,0.0
,0,0.0
,0,0.0
,0,0.0
,0,0.0
,0,0.0
,0,0.0
,0,0.0
,0,0.0
,0,0.0
,0,0.0
,0,0.0
,0,0.0
,0,0.0
,0,0.0
,0,0.0
,0,0.0
512.2929136842918,0,0.0
512.6844106729957,0,0.0
512.8742427035756,0,0.0
514.9593775903465,0,0.0
,0,0.0
,0,0.0
,0,0.0
,0,0.0
,0,0.0
,0,0.0
,0,0.0
,0,0.0
,0,0.0
,0,0.0
,0,0.0
,0,0.0
,0,0.0
,0,0.0
,0,0.0
,0,0.0
,0,0.0
,0,0.0
,0,0.0
,0,0.0
,0,0.0
,0,0.0
,0,0.0
,0,0.0
,0,0.0
,0,0.0
,0,0.0
,0,0.0
,0,0.0
,0,0.0
,0,0.0
,0,0.0
,0,0.0
,0,0.0
,0,0.0
,0,0.0
,0,0.0
,0,0.0
,0,0.0
,0,0.0
,0,0.0
,0,0.0
,0,0.0
,0,0.0
,0,0.0
,0,0.0
,0,0.0
,0,0.0
,0,0.0
,0,0.0
,0,0.0
,0,0.0
,0,0.0
,0,0.0
,0,0.0
,0,0.0
,0,0.0
,0,0.0
,0,0.0
,0,0.0
,0,0.0
,0,0.0
,0,0.0
,0,0.0
,0,0.0
,0,0.0
,0,0.0
,0,0.0
,0,0.0
,0,0.0
,0,0.0
,0,0.0
,0,0.0
,0,0.0
,0,0.0
,0,0.0
,0,0.0
,0,0.0
,0,0.0
,0,0.0
,0,0.0
,0,0.0
,0,0.0
,0,0.0
,0,0.0
,0,0.0
,0,0.0
,0,0.0
,0,0.0
,0,0.0
,0,0.0
,0,0.0
,0,0.0
,0,0.0
,0,0.0
,0,0.0
,0,0.0
,0,0.0
,0,0.0
,0,0.0
,0,0.0
,0,0.0
,0,0.0
,0,0.0
,0,0.0
,0,0.0
,0,0.0
,0,0.0
,0,0.0
,0,0.0
,0,0.0
,0,0.0
,0,0.0
,0,0.0
,0,0.0
,0,0.0
,0,0.0
,0,0.0
,0,0.0
,0,0.0
,0,0.0
,0,0.0
,0,0.0
,0,0.0
,0,0.0
,0,0.0
,0,0.0
,0,0.0
,0,0.0
,0,0.0
,0,0.0
,0,0.0
,0,0.0
,0,0.0
,0,0.0
,0,0.0
,0,0.0
,0,0.0
,0,0.0
,0,0.0
,0,0.0
,0,0.0
,0,0.0
,0,0.0
,0,0.0
,0,0.0
,0,0.0
,0,0.0
,0,0.0
,0,0.0
,0,0.0
,0,0.0
,0,0.0
,0,0.0
,0,0.0
,0,0.0
,0,0.0
,0,0.0
,0,0.0
,0,0.0
,0,0.0
,0,0.0
,0,0.0
,0,0.0
,0,0.0
,0,0.0
,0,0.0
,0,0.0
,0,0.0
,0,0.0
,0,0.0
,0,0.0
,0,0.0
,0,0.0
,0,0.0
,0,0.0
,0,0.0
,0,0.0
,0,0.0
,0,0.0
,0,0.0
,0,0.0
,0,0.0
,0,0.0
,0,0.0
,0,0.0
,0,0.0
,0,0.0
,0,0.0
,0,0.0
,0,0.0
,0,0.0
,0,0.0
,0,0.0
,0,0.0
,0,0.0
,0,0.0
,0,0.0
,0,0.0
,0,0.0
,0,0.0
,0,0.0
,0,0.0
,0,0.0
,0,0.0
,0,0.0
,0,0.0
,0,0.0
,0,0.0
,0,0.0
,0,0.0
,0,0.0
,0,0.0
,0,0.0
,0,0.0
,0,0.0
,0,0.0
,0,0.0
,0,0.0
,0,0.0
,0,0.0
,0,0.0
,0,0.0
,0,0.0
,0,0.0
,0,0.0
,0,0.0
,0,0.0
,0,0.0
,0,0.0
,0,0.0
,0,0.0
,0,0.0
,0,0.0
,0,0.0
,0,0.0
,0,0.0
,0,0.0
,0,0.0
,0,0.0
,0,0.0
,0,0.0
,0,0.0
,0,0.0
,0,0.0
,0,0.0
,0,0.0
,0,0.0
,0,0.0
,0,0.0
,0,0.0
,0,0.0
,0,0.0
,0,0.0
,0,0.0
,0,0.0
,0,0.0
,0,0.0
,0,0.0
,0,0.0
,0,0.0
,0,0.0
,0,0.0
,0,0.0
,0,0.0
,0,0.0
,0,0.0
,0,0.0
,0,0.0
,0,0.0
,0,0.0
,0,0.0
,0,0.0
,0,0.0
,0,0.0
,0,0.0
,0,0.0
,0,0.0
,0,0.0
,0,0.0
,0,0.0
,0,0.0
,0,0.0
,0,0.0
,0,0.0
,0,0.0
,0,0.0
,0,0.0
,0,0.0
,0,0.0
,0,0.0
,0,0.0
,0,0.0
,0,0.0
,0,0.0
,0,0.0
,0,0.0
,0,0.0
,0,0.0
,0,0.0
,0,0.0
,0,0.0
,0,0.0
,0,0.0
,0,0.0
,0,0.0
,0,0.0
,0,0.0
,0,0.0
,0,0.0
,0,0.0
,0,0.0
,0,0.0
,0,0.0
,0,0.0
,0,0.0
,0,0.0
,0,0.0
,0,0.0
,0,0.0
,0,0.0
,0,0.0
,0,0.0
,0,0.0
,0,0.0
,0,0.0
,0,0.0
,0,0.0
,0,0.0
,0,0.0
,0,0.0
,0,0.0
,0,0.0
,0,0.0
,0,0.0
,0,0.0
,0,0.0
,0,0.0
,0,0.0
,0,0.0
,0,0.0
,0,0.0
,0,0.0
,0,0.0
,0,0.0
,0,0.0
,0,0.0
,0,0.0
,0,0.0
,0,0.0
,0,0.0
,0,0.0
,0,0.0
,0,0.0
,0,0.0
,0,0.0
,0,0.0
,0,0.0
,0,0.0
,0,0.0
,0,0.0
,0,0.0
,0,0.0
,0,0.0
,0,0.0
,0,0.0
,0,0.0
,0,0.0
,0,0.0
,0,0.0
,0,0.0
,0,0.0
,0,0.0
,0,0.0
,0,0.0
,0,0.0
,0,0.0
,0,0.0
,0,0.0
,0,0.0
,0,0.0
,0,0.0
,0,0.0
,0,0.0
,0,0.0
,0,0.0
,0,0.0
,0,0.0
,0,0.0
,0,0.0
,0,0.0
513.3102493025535,0,0.0
514.1173033028697,0,0.0
,0,0.0
,0,0.0
,0,0.0
,0,0.0
,0,0.0
,0,0.0
,0,0.0
,0,0.0
,0,0.0
,0,0.0
,0,0.0
,0,0.0
,0,0.0
,0,0.0
,0,0.0
,0,0.0
,0,0.0
,0,0.0
,0,0.0
,0,0.0
,0,0.0
,0,0.0
,0,0.0
,0,0.0
,0,0.0
,0,0.0
,0,0.0
,0,0.0
,0,0.0
,0,0.0
,0,0.0
,0,0.0
,0,0.0
,0,0.0
,0,0.0
,0,0.0
,0,0.0
,0,0.0
,0,0.0
,0,0.0
,0,0.0
,0,0.0
,0,0.0
,0,0.0
,0,0.0
,0,0.0
,0,0.0
,0,0.0
,0,0.0
,0,0.0
,0,0.0
,0,0.0
,0,0.0
,0,0.0
,0,0.0
,0,0.0
,0,0.0
,0,0.0
,0,0.0
,0,0.0
,0,0.0
,0,0.0
,0,0.0
,0,0.0
,0,0.0
,0,0.0
,0,0.0
,0,0.0
,0,0.0
,0,0.0
,0,0.0
,0,0.0
,0,0.0
,0,0.0
,0,0.0
,0,0.0
,0,0.0
,0,0.0
,0,0.0
,0,0.0
,0,0.0
,0,0.0
,0,0.0
,0,0.0
,0,0.0
,0,0.0
,0,0.0
,0,0.0
,0,0.0
,0,0.0
,0,0.0
,0,0.0
,0,0.0
,0,0.0
,0,0.0
,0,0.0
,0,0.0
,0,0.0
,0,0.0
,0,0.0
,0,0.0
,0,0.0
,0,0.0
,0,0.0
,0,0.0
,0,0.0
,0,0.0
,0,0.0
,0,0.0
,0,0.0
,0,0.0
,0,0.0
,0,0.0
,0,0.0
,0,0.0
,0,0.0
,0,0.0
,0,0.0
,0,0.0
,0,0.0
,0,0.0
,0,0.0
,0,0.0
,0,0.0
,0,0.0
,0,0.0
,0,0.0
,0,0.0
,0,0.0
,0,0.0
,0,0.0
,0,0.0
,0,0.0
,0,0.0
,0,0.0
,0,0.0
,0,0.0
,0,0.0
,0,0.0
,0,0.0
,0,0.0
,0,0.0
,0,0.0
,0,0.0
,0,0.0
,0,0.0
,0,0.0
,0,0.0
,0,0.0
,0,0.0
,0,0.0
,0,0.0
,0,0.0
,0,0.0
,0,0.0
,0,0.0
,0,0.0
,0,0.0
,0,0.0
,0,0.0
,0,0.0
,0,0.0
,0,0.0
,0,0.0
,0,0.0
,0,0.0
,0,0.0
,0,0.0
,0,0.0
,0,0.0
,0,0.0
,0,0.0
,0,0.0
,0,0.0
,0,0.0
,0,0.0
,0,0.0
,0,0.0
,0,0.0
,0,0.0
,0,0.0
,0,0.0
,0,0.0
,0,0.0
,0,0.0
,0,0.0
,0,0.0
,0,0.0
,0,0.0
,0,0.0
,0,0.0
,0,0.0
,0,0.0
,0,0.0
,0,0.0
,0,0.0
,0,0.0
,0,0.0
,0,0.0
,0,0.0
,0,0.0
,0,0.0
,0,0.0
,0,0.0
,0,0.0
,0,0.0
,0,0.0
,0,0.0
,0,0.0
,0,0.0
,0,0.0
,0,0.0
,0,0.0
,0,0.0
,0,0.0
,0,0.0
,0,0.0
,0,0.0
,0,0.0
,0,0.0
,0,0.0
,0,0.0
,0,0.0
,0,0.0
,0,0.0
,0,0.0
,0,0.0
,0,0.0
,0,0.0
,0,0.0
,0,0.0
,0,0.0
,0,0.0
,0,0.0
,0,0.0
,0,0.0
,0,0.0
,0,0.0
,0,0.0
,0,0.0
,0,0.0
,0,0.0
,0,0.0
,0,0.0
,0,0.0
,0,0.0
,0,0.0
,0,0.0
,0,0.0
,0,0.0
,0,0.0
,0,0.0
,0,0.0
,0,0.0
,0,0.0
,0,0.0
,0,0.0
,0,0.0
,0,0.0
,0,0.0
,0,0.0
,0,0.0
,0,0.0
,0,0.0
,0,0.0
,0,0.0
,0,0.0
,0,0.0
,0,0.0
,0,0.0
,0,0.0
,0,0.0
,0,0.0
,0,0.0
,0,0.0
,0,0.0
,0,0.0
,0,0.0
,0,0.0
,0,0.0
,0,0.0
,0,0.0
,0,0.0
,0,0.0
,0,0.0
,0,0.0
,0,0.0
,0,0.0
,0,0.0
,0,0.0
,0,0.0
,0,0.0
,0,0.0
,0,0.0
,0,0.0
,0,0.0
,0,0.0
,0,0.0
,0,0.0
,0,0.0
,0,0.0
,0,0.0
,0,0.0
,0,0.0
,0,0.0
,0,0.0
,0,0.0
,0,0.0
,0,0.0
,0,0.0
,0,0.0
,0,0.0
,0,0.0
,0,0.0
,0,0.0
,0,0.0
,0,0.0
,0,0.0
,0,0.0
,0,0.0
,0,0.0
,0,0.0
,0,0.0
,0,0.0
,0,0.0
,0,0.0
,0,0.0
,0,0.0
,0,0.0
,0,0.0
,0,0.0
,0,0.0
,0,0.0
,0,0.0
,0,0.0
,0,0.0
,0,0.0
,0,0.0
,0,0.0
,0,0.0
,0,0.0
,0,0.0
,0,0.0
,0,0.0
,0,0.0
,0,0.0
,0,0.0
,0,0.0
,0,0.0
,0,0.0
,0,0.0
,0,0.0
,0,0.0
,0,0.0
,0,0.0
,0,0.0
,0,0.0
,0,0.0
,0,0.0
,0,0.0
,0,0.0
,0,0.0
,0,0.0
,0,0.0
,0,0.0
,0,0.0
,0,0.0
,0,0.0
,0,0.0
,0,0.0
,0,0.0
,0,0.0
,0,0.0
,0,0.0
,0,0.0
,0,0.0
,0,0.0
,0,0.0
,0,0.0
,0,0.0
,0,0.0
,0,0.0
,0,0.0
,0,0.0
,0,0.0
,0,0.0
,0,0.0
,0,0.0
,0,0.0
,0,0.0
,0,0.0
,0,0.0
,0,0.0
,0,0.0
,0,0.0
,0,0.0
,0,0.0
,0,0.0
,0,0.0
,0,0.0
,0,0.0
,0,0.0
,0,0.0
,0,0.0
,0,0.0
,0,0.0
,0,0.0
,0,0.0
,0,0.0
,0,0.0
,0,0.0
,0,0.0
,0,0.0
,0,0.0
,0,0.0
,0,0.0
,0,0.0
,0,0.0
,0,0.0
,0,0.0
,0,0.0
,0,0.0
,0,0.0
,0,0.0
,0,0.0
,0,0.0
,0,0.0
,0,0.0
,0,0.0
,0,0.0
,0,0.0
,0,0.0
,0,0.0
,0,0.0
,0,0.0
,0,0.0
,0,0.0
,0,0.0
,0,0.0
,0,0.0
,0,0.0
,0,0.0
,0,0.0
,0,0.0
,0,0.0
,0,0.0
,0,0.0
,0,0.0
,0,0.0
,0,0.0
,0,0.0
,0,0.0
,0,0.0
,0,0.0
,0,0.0
,0,0.0
,0,0.0
,0,0.0
,0,0.0
,0,0.0
,0,0.0
,0,0.0
,0,0.0
,0,0.0
,0,0.0
,0,0.0
,0,0.0
,0,0.0
,0,0.0
,0,0.0
,0,0.0
,0,0.0
,0,0.0
,0,0.0
,0,0.0
,0,0.0
,0,0.0
,0,0.0
,0,0.0
,0,0.0
,0,0.0
,0,0.0
,0,0.0
,0,0.0
,0,0.0
,0,0.0
367.6143739724978,0,0.0
380.7101672484279,1,0.0
373.5098078078006,1,0.0
412.7569638514877,1,0.0
422.14282212670895,1,0.0
381.06356403754586,1,0.0
454.0732423591982,1,0.0
597.9898682340144,1,0.0
568.5868860623967,1,0.0
554.1986454305013,1,0.0
540.5548147831612,1,0.0
537.3477429528945,1,0.0
513.0834773545637,1,0.0
257.6017319742865,1,0.0
294.29228914917917,1,0.0
487.6905437872789,1,0.0
457.4858238309955,1,0.0
424.68795656771204,1,0.0
390.6339973270275,1,0.0
370.2194924855994,1,0.0
351.50740699056854,0,0.0
313.39987664905,0,0.0
308.3685587269985,1,0.0
302.9880312336775,0,0.0
,0,0.0
,0,0.0
,0,0.0
,0,0.0
,0,0.0
,0,0.0
,0,0.0
,0,0.0
,0,0.0
,0,0.0
,0,0.0
,0,0.0
,0,0.0
,0,0.0
,0,0.0
,0,0.0
,0,0.0
,0,0.0
,0,0.0
,0,0.0
,0,0.0
,0,0.0
,0,0.0
,0,0.0
,0,0.0
,0,0.0
,0,0.0
,0,0.0
,0,0.0
,0,0.0
,0,0.0
,0,0.0
,0,0.0
,0,0.0
,0,0.0
,0,0.0
,0,0.0
,0,0.0
,0,0.0
,0,0.0
,0,0.0
,0,0.0
,0,0.0
,0,0.0
,0,0.0
,0,0.0
,0,0.0
,0,0.0
,0,0.0
,0,0.0
,0,0.0
,0,0.0
,0,0.0
,0,0.0
,0,0.0
,0,0.0
,0,0.0
,0,0.0
,0,0.0
,0,0.0
,0,0.0
,0,0.0
,0,0.0
,0,0.0
,0,0.0
,0,0.0
,0,0.0
,0,0.0
567.1186783897367,0,0.0
568.5961807919672,0,0.0
,0,0.0
,0,0.0
,0,0.0
,0,0.0
,0,0.0
,0,0.0
,0,0.0
,0,0.0
,0,0.0
,0,0.0
,0,0.0
,0,0.0
,0,0.0
,0,0.0
,0,0.0
,0,0.0
,0,0.0
,0,0.0
,0,0.0
,0,0.0
,0,0.0
,0,0.0
,0,0.0
,0,0.0
,0,0.0
,0,0.0
,0,0.0
,0,0.0
,0,0.0
,0,0.0
,0,0.0
,0,0.0
,0,0.0
,0,0.0
,0,0.0
,0,0.0
,0,0.0
,0,0.0
,0,0.0
,0,0.0
,0,0.0
,0,0.0
,0,0.0
,0,0.0
,0,0.0
,0,0.0
,0,0.0
,0,0.0
,0,0.0
,0,0.0
,0,0.0
,0,0.0
,0,0.0
,0,0.0
,0,0.0
,0,0.0
,0,0.0
,0,0.0
,0,0.0
,0,0.0
,0,0.0
,0,0.0
,0,0.0
,0,0.0
,0,0.0
,0,0.0
,0,0.0
,0,0.0
,0,0.0
,0,0.0
,0,0.0
,0,0.0
,0,0.0
,0,0.0
,0,0.0
,0,0.0
,0,0.0
,0,0.0
,0,0.0
,0,0.0
,0,0.0
,0,0.0
,0,0.0
,0,0.0
,0,0.0
,0,0.0
,0,0.0
,0,0.0
,0,0.0
,0,0.0
,0,0.0
,0,0.0
,0,0.0
,0,0.0
,0,0.0
,0,0.0
,0,0.0
,0,0.0
,0,0.0
,0,0.0
,0,0.0
,0,0.0
,0,0.0
,0,0.0
,0,0.0
,0,0.0
,0,0.0
,0,0.0
,0,0.0
,0,0.0
,0,0.0
,0,0.0
,0,0.0
,0,0.0
,0,0.0
,0,0.0
,0,0.0
,0,0.0
,0,0.0
,0,0.0
,0,0.0
,0,0.0
,0,0.0
,0,0.0
,0,0.0
,0,0.0
,0,0.0
,0,0.0
,0,0.0
,0,0.0
,0,0.0
,0,0.0
,0,0.0
,0,0.0
,0,0.0
,0,0.0
,0,0.0
,0,0.0
,0,0.0
,0,0.0
,0,0.0
,0,0.0
,0,0.0
,0,0.0
,0,0.0
,0,0.0
,0,0.0
,0,0.0
,0,0.0
,0,0.0
,0,0.0
,0,0.0
,0,0.0
,0,0.0
,0,0.0
,0,0.0
,0,0.0
,0,0.0
,0,0.0
,0,0.0
,0,0.0
,0,0.0
,0,0.0
,0,0.0
,0,0.0
,0,0.0
,0,0.0
,0,0.0
,0,0.0
,0,0.0
,0,0.0
,0,0.0
,0,0.0
,0,0.0
,0,0.0
,0,0.0
,0,0.0
,0,0.0
,0,0.0
,0,0.0
,0,0.0
,0,0.0
,0,0.0
,0,0.0
,0,0.0
,0,0.0
,0,0.0
,0,0.0
,0,0.0
,0,0.0
,0,0.0
,0,0.0
,0,0.0
,0,0.0
,0,0.0
,0,0.0
,0,0.0
,0,0.0
,0,0.0
,0,0.0
,0,0.0
,0,0.0
,0,0.0
,0,0.0
,0,0.0
,0,0.0
,0,0.0
,0,0.0
,0,0.0
,0,0.0
,0,0.0
,0,0.0
,0,0.0
,0,0.0
,0,0.0
,0,0.0
,0,0.0
,0,0.0
,0,0.0
,0,0.0
,0,0.0
,0,0.0
,0,0.0
,0,0.0
,0,0.0
,0,0.0
,0,0.0
,0,0.0
,0,0.0
,0,0.0
,0,0.0
,0,0.0
,0,0.0
,0,0.0
,0,0.0
,0,0.0
,0,0.0
,0,0.0
,0,0.0
,0,0.0
,0,0.0
,0,0.0
,0,0.0
,0,0.0
,0,0.0
,0,0.0
,0,0.0
,0,0.0
,0,0.0
,0,0.0
,0,0.0
,0,0.0
,0,0.0
,0,0.0
,0,0.0
,0,0.0
,0,0.0
,0,0.0
,0,0.0
,0,0.0
,0,0.0
,0,0.0
,0,0.0
,0,0.0
,0,0.0
,0,0.0
,0,0.0
,0,0.0
,0,0.0
,0,0.0
,0,0.0
,0,0.0
,0,0.0
,0,0.0
,0,0.0
,0,0.0
,0,0.0
,0,0.0
,0,0.0
,0,0.0
,0,0.0
,0,0.0
,0,0.0
,0,0.0
,0,0.0
,0,0.0
,0,0.0
,0,0.0
,0,0.0
,0,0.0
,0,0.0
,0,0.0
,0,0.0
,0,0.0
,0,0.0
,0,0.0
,0,0.0
,0,0.0
,0,0.0
,0,0.0
,0,0.0
,0,0.0
,0,0.0
,0,0.0
,0,0.0
,0,0.0
,0,0.0
,0,0.0
,0,0.0
,0,0.0
,0,0.0
,0,0.0
,0,0.0
,0,0.0
,0,0.0
,0,0.0
,0,0.0
,0,0.0
,0,0.0
,0,0.0
,0,0.0
,0,0.0
,0,0.0
,0,0.0
,0,0.0
,0,0.0
,0,0.0
,0,0.0
,0,0.0
,0,0.0
,0,0.0
,0,0.0
,0,0.0
,0,0.0
,0,0.0
,0,0.0
,0,0.0
,0,0.0
,0,0.0
,0,0.0
,0,0.0
,0,0.0
,0,0.0
,0,0.0
,0,0.0
,0,0.0
,0,0.0
,0,0.0
,0,0.0
,0,0.0
,0,0.0
,0,0.0
,0,0.0
,0,0.0
,0,0.0
,0,0.0
,0,0.0
,0,0.0
,0,0.0
,0,0.0
,0,0.0
,0,0.0
,0,0.0
,0,0.0
,0,0.0
,0,0.0
,0,0.0
,0,0.0
,0,0.0
,0,0.0
,0,0.0
,0,0.0
,0,0.0
,0,0.0
,0,0.0
,0,0.0
,0,0.0
,0,0.0
,0,0.0
,0,0.0
,0,0.0
,0,0.0
,0,0.0
,0,0.0
,0,0.0
,0,0.0
,0,0.0
,0,0.0
,0,0.0
,0,0.0
,0,0.0
,0,0.0
,0,0.0
,0,0.0
,0,0.0
,0,0.0
,0,0.0
,0,0.0
,0,0.0
,0,0.0
,0,0.0
,0,0.0
,0,0.0
,0,0.0
,0,0.0
,0,0.0
,0,0.0
,0,0.0
,0,0.0
,0,0.0
,0,0.0
,0,0.0
,0,0.0
,0,0.0
,0,0.0
,0,0.0
,0,0.0
,0,0.0
,0,0.0
,0,0.0
,0,0.0
,0,0.0
,0,0.0
,0,0.0
,0,0.0
,0,0.0
,0,0.0
,0,0.0
,0,0.0
,0,0.0
,0,0.0
,0,0.0
,0,0.0
,0,0.0
,0,0.0
,0,0.0
,0,0.0
,0,0.0
,0,0.0
,0,0.0
,0,0.0
,0,0.0
,0,0.0
,0,0.0
,0,0.0
,0,0.0
,0,0.0
,0,0.0
,0,0.0
,0,0.0
,0,0.0
550.0729275896928,0,0.0
580.0220022992609,1,0.0
583.6524672518254,1,0.0
532.9003302784281,1,0.0
512.1039963089853,1,0.0
504.20344296645203,1,0.0
505.62539721658834,1,0.0
504.2811429371579,1,0.0
499.3278301785406,1,0.0
482.6733180571784,1,0.0
494.7689490178234,1,0.0
493.2405455134948,0,0.0
,0,0.0
,0,0.0
,0,0.0
,0,0.0
,0,0.0
,0,0.0
,0,0.0
,0,0.0
,0,0.0
,0,0.0
,0,0.0
,0,0.0
,0,0.0
,0,0.0
,0,0.0
,0,0.0
,0,0.0
,0,0.0
,0,0.0
,0,0.0
,0,0.0
,0,0.0
,0,0.0
,0,0.0
,0,0.0
,0,0.0
,0,0.0
,0,0.0
,0,0.0
,0,0.0
,0,0.0
,0,0.0
,0,0.0
,0,0.0
,0,0.0
,0,0.0
,0,0.0
,0,0.0
,0,0.0
,0,0.0
,0,0.0
,0,0.0
,0,0.0
,0,0.0
,0,0.0
,0,0.0
,0,0.0
,0,0.0
,0,0.0
,0,0.0
,0,0.0
,0,0.0
,0,0.0
,0,0.0
,0,0.0
,0,0.0
,0,0.0
,0,0.0
,0,0.0
,0,0.0
,0,0.0
,0,0.0
,0,0.0
,0,0.0
,0,0.0
,0,0.0
,0,0.0
,0,0.0
,0,0.0
,0,0.0
,0,0.0
,0,0.0
,0,0.0
,0,0.0
,0,0.0
,0,0.0
,0,0.0
,0,0.0
,0,0.0
,0,0.0
,0,0.0
,0,0.0
,0,0.0
,0,0.0
,0,0.0
,0,0.0
,0,0.0
,0,0.0
,0,0.0
,0,0.0
,0,0.0
,0,0.0
,0,0.0
,0,0.0
,0,0.0
,0,0.0
,0,0.0
,0,0.0
,0,0.0
,0,0.0
,0,0.0
,0,0.0
,0,0.0
,0,0.0
,0,0.0
,0,0.0
,0,0.0
,0,0.0
,0,0.0
,0,0.0
,0,0.0
,0,0.0
544.7168845508002,0,0.0
504.53797879866414,0,0.0
,0,0.0
,0,0.0
,0,0.0
,0,0.0
,0,0.0
,0,0.0
,0,0.0
,0,0.0
,0,0.0
,0,0.0
,0,0.0
,0,0.0
,0,0.0
,0,0.0
,0,0.0
,0,0.0
,0,0.0
,0,0.0
,0,0.0
,0,0.0
,0,0.0
,0,0.0
,0,0.0
,0,0.0
,0,0.0
,0,0.0
,0,0.0
,0,0.0
,0,0.0
,0,0.0
,0,0.0
,0,0.0
,0,0.0
,0,0.0
,0,0.0
,0,0.0
,0,0.0
,0,0.0
,0,0.0
,0,0.0
,0,0.0
,0,0.0
,0,0.0
,0,0.0
,0,0.0
,0,0.0
,0,0.0
,0,0.0
,0,0.0
,0,0.0
,0,0.0
,0,0.0
,0,0.0
,0,0.0
,0,0.0
,0,0.0
,0,0.0
378.3035716992704,0,0.0
446.02625710538376,1,0.0
506.50126363049566,1,0.0
524.823329832304,1,0.0
513.453315422576,1,0.0
503.5121065707546,1,0.0
499.5257850535499,1,0.0
495.32948933495277,1,0.0
486.78927927597255,1,0.0
484.3305314556283,1,0.0
477.0157651480422,1,0.0
478.5266358199773,1,0.0
486.14230341227466,1,0.0
491.4733090663067,1,0.0
497.6058945523941,1,0.0
501.7252336009336,1,0.0
503.94226817384293,1,0.0
502.2112434210645,1,0.0
495.1872239908142,1,0.0
483.98930580336145,1,0.0
472.43829064678994,1,0.0
467.01957728181026,1,0.0
452.99597092627516,1,0.0
435.5271816710006,1,0.0
415.97022630586457,1,0.0
408.25788963609705,1,0.0
388.63886177965463,0,0.0
,0,0.0
289.46771748020745,0,0.0
272.1168423108697,1,0.0
275.95915767733635,1,0.0
286.9548581822724,0,0.0
290.2369686288855,0,0.0
,0,0.0
335.0270676984735,0,0.0
343.5709156339988,1,0.0
347.6558136885214,1,0.0
337.3206058177622,0,0.0
,0,0.0
268.69464481911757,0,0.0
296.513381727616,0,0.0
309.863601176516,0,0.0
527.2584457634682,0,0.0
525.5663008859608,0,0.0
,0,0.0
,0,0.0
,0,0.0
,0,0.0
,0,0.0
,0,0.0
,0,0.0
,0,0.0
,0,0.0
,0,0.0
,0,0.0
,0,0.0
,0,0.0
,0,0.0
,0,0.0
,0,0.0
,0,0.0
,0,0.0
,0,0.0
,0,0.0
,0,0.0
,0,0.0
,0,0.0
,0,0.0
,0,0.0
,0,0.0
,0,0.0
,0,0.0
,0,0.0
,0,0.0
,0,0.0
,0,0.0
,0,0.0
,0,0.0
,0,0.0
,0,0.0
,0,0.0
,0,0.0
,0,0.0
,0,0.0
,0,0.0
,0,0.0
,0,0.0
,0,0.0
,0,0.0
,0,0.0
,0,0.0
,0,0.0
,0,0.0
,0,0.0
,0,0.0
,0,0.0
,0,0.0
,0,0.0
,0,0.0
,0,0.0
,0,0.0
,0,0.0
,0,0.0
,0,0.0
,0,0.0
,0,0.0
,0,0.0
,0,0.0
,0,0.0
,0,0.0
,0,0.0
,0,0.0
,0,0.0
,0,0.0
,0,0.0
,0,0.0
,0,0.0
,0,0.0
,0,0.0
,0,0.0
,0,0.0
,0,0.0
,0,0.0
,0,0.0
,0,0.0
,0,0.0
,0,0.0
,0,0.0
,0,0.0
,0,0.0
,0,0.0
,0,0.0
452.47408162619604,0,0.0
489.502383302909,1,0.0
482.330900941395,1,0.0
475.73455234836854,1,0.0
471.10509922148054,1,0.0
463.5140791475931,1,0.0
442.7933847909428,1,0.0
425.5838334273871,1,0.0
415.34010778751036,1,0.0
404.1629123827403,1,0.0
398.5074302322528,1,0.0
391.94534062659744,1,0.0
390.2618473653489,1,0.0
385.0892004573711,1,0.0
367.46474710017094,1,0.0
331.2435820565428,0,0.0
308.1164414093277,1,0.0
337.11012654728194,1,0.0
357.34539136597874,1,0.0
372.2137721861101,1,0.0
387.884252458312,1,0.0
398.2787682281072,1,0.0
404.9663048875056,1,0.0
400.1030252432354,1,0.0
386.89121006300064,1,0.0
367.92713179097507,1,0.0
367.98351056628445,1,0.0
393.7328189848568,1,0.0
427.1712337697874,1,0.0
450.8005753337765,1,0.0
448.2781318526288,1,0.0
422.3781009902895,1,0.0
404.12956339856606,1,0.0
375.02227102722037,0,0.0
349.89238411301653,0,0.0
,0,0.0
,0,0.0
,0,0.0
,0,0.0
342.9244828606726,0,0.0
341.2226648383725,0,0.0
,0,0.0
,0,0.0
,0,0.0
,0,0.0
,0,0.0
,0,0.0
,0,0.0
,0,0.0
,0,0.0
,0,0.0
,0,0.0
,0,0.0
,0,0.0
,0,0.0
,0,0.0
,0,0.0
,0,0.0
,0,0.0
476.39652301042884,0,0.0
500.7900387598997,1,0.0
502.33032326298,1,0.0
499.1837130038726,1,0.0
500.13923263130977,1,0.0
496.3764627398459,1,0.0
482.9037815029055,1,0.0
469.9524112999932,1,0.0
472.8976541502716,1,0.0
478.9629569190709,1,0.0
481.6223059811433,1,0.0
488.0230630928587,1,0.0
483.75566739702566,1,0.0
471.9144647483383,1,0.0
466.9648081080023,1,0.0
469.5426157162208,1,0.0
477.4467648172669,1,0.0
481.54299842893454,1,0.0
483.0581888538918,1,0.0
482.2147795305445,1,0.0
471.5193796643821,1,0.0
442.9683357002248,1,0.0
,0,0.0
,0,0.0
,0,0.0
,0,0.0
474.3621262502294,0,0.0
490.16394675253554,1,0.0
478.8313673675751,0,0.0
482.5361900162773,0,0.0
,0,0.0
,0,0.0
,0,0.0
,0,0.0
,0,0.0
,0,0.0
,0,0.0
,0,0.0
,0,0.0
,0,0.0
,0,0.0
,0,0.0
,0,0.0
,0,0.0
,0,0.0
,0,0.0
,0,0.0
,0,0.0
,0,0.0
,0,0.0
,0,0.0
,0,0.0
,0,0.0
,0,0.0
,0,0.0
,0,0.0
,0,0.0
,0,0.0
,0,0.0
,0,0.0
,0,0.0
,0,0.0
,0,0.0
,0,0.0
,0,0.0
,0,0.0
,0,0.0
,0,0.0
,0,0.0
,0,0.0
,0,0.0
,0,0.0
,0,0.0
,0,0.0
,0,0.0
,0,0.0
447.3639231969374,1,0.0
449.06484236539046,1,0.0
441.3743719962267,1,0.0
,0,0.0
,0,0.0
,0,0.0
,0,0.0
,0,0.0
,0,0.0
,0,0.0
413.87234030825385,0,0.0
424.62369502039286,0,0.0
442.72073710260645,1,0.0
444.8421664016574,0,0.0
,0,0.0
,0,0.0
,0,0.0
,0,0.0
,0,0.0
,0,0.0
,0,0.0
,0,0.0
,0,0.0
,0,0.0
,0,0.0
,0,0.0
,0,0.0
,0,0.0
,0,0.0
,0,0.0
,0,0.0
,0,0.0
,0,0.0
,0,0.0
,0,0.0
,0,0.0
,0,0.0
,0,0.0
,0,0.0
,0,0.0
,0,0.0
,0,0.0
,0,0.0
,0,0.0
,0,0.0
,0,0.0
,0,0.0
,0,0.0
,0,0.0
,0,0.0
,0,0.0
,0,0.0
,0,0.0
,0,0.0
,0,0.0
,0,0.0
,0,0.0
,0,0.0
,0,0.0
,0,0.0
,0,0.0
,0,0.0
,0,0.0
,0,0.0
,0,0.0
,0,0.0
,0,0.0
,0,0.0
,0,0.0
,0,0.0
,0,0.0
,0,0.0
,0,0.0
,0,0.0
,0,0.0
,0,0.0
,0,0.0
,0,0.0
,0,0.0
,0,0.0
,0,0.0
,0,0.0
,0,0.0
,0,0.0
,0,0.0
,0,0.0
,0,0.0
,0,0.0
559.4901878215444,0,0.0
520.558427773227,1,0.0
497.5090124222689,1,0.0
521.3552608785151,0,0.0
584.7435666942031,0,0.0
586.0977472060426,1,0.0
596.3220793560512,1,0.0
601.2605994364545,0,0.0
,0,0.0
,0,0.0
,0,0.0
,0,0.0
,0,0.0
,0,0.0
,0,0.0
,0,0.0
,0,0.0
,0,0.0
,0,0.0
,0,0.0
,0,0.0
,0,0.0
,0,0.0
,0,0.0
,0,0.0
,0,0.0
,0,0.0
,0,0.0
,0,0.0
,0,0.0
,0,0.0
,0,0.0
,0,0.0
,0,0.0
,0,0.0
,0,0.0
,0,0.0
,0,0.0
,0,0.0
,0,0.0
,0,0.0
,0,0.0
,0,0.0
,0,0.0
,0,0.0
,0,0.0
,0,0.0
,0,0.0
,0,0.0
,0,0.0
,0,0.0
,0,0.0
,0,0.0
,0,0.0
,0,0.0
,0,0.0
,0,0.0
,0,0.0
,0,0.0
,0,0.0
,0,0.0
,0,0.0
424.99153209088337,0,0.0
443.0917100584889,0,0.0
458.7965179708792,1,0.0
466.45993219727245,1,0.0
472.0174324653606,1,0.0
472.38142242700656,1,0.0
468.84913384483366,1,0.0
473.05206611649106,1,0.0
477.63768756630543,1,0.0
464.7809332967359,1,0.0
451.927086452305,1,0.0
455.6922812974915,1,0.0
455.91315767803786,1,0.0
460.75609859412924,1,0.0
456.4966905216446,1,0.0
458.09152171317464,1,0.0
449.3570326818745,1,0.0
427.4079081756401,1,0.0
426.0856243308092,1,0.0
424.4226574554512,0,0.0
430.4810939884718,0,0.0
438.56661902772436,1,0.0
444.1467029397044,1,0.0
445.6706785504675,1,0.0
448.398846194898,1,0.0
451.1822359876344,1,0.0
444.16699371437556,0,0.0
453.1670903171067,1,0.0
452.1851699393317,1,0.0
450.2219880147659,1,0.0
441.7389885055775,1,0.0
453.03971982832394,1,0.0
469.6450121154878,1,0.0
478.5822436586321,1,0.0
485.1560440521646,1,0.0
488.52125858661896,1,0.0
488.3978169624928,1,0.0
481.84814790189193,1,0.0
469.31689590714865,1,0.0
455.2461134415289,1,0.0
440.31824483749114,1,0.0
428.7218724332078,1,0.0
,0,0.0
,0,0.0
,0,0.0
,0,0.0
,0,0.0
,0,0.0
,0,0.0
,0,0.0
,0,0.0
,0,0.0
,0,0.0
,0,0.0
,0,0.0
,0,0.0
,0,0.0
,0,0.0
,0,0.0
,0,0.0
,0,0.0
,0,0.0
,0,0.0
,0,0.0
,0,0.0
,0,0.0
,0,0.0
,0,0.0
,0,0.0
,0,0.0
,0,0.0
,0,0.0
,0,0.0
,0,0.0
,0,0.0
,0,0.0
,0,0.0
,0,0.0
,0,0.0
,0,0.0
,0,0.0
,0,0.0
,0,0.0
,0,0.0
,0,0.0
487.1466259700646,1,0.0
477.47432966975686,0,0.0
494.6544018966891,0,0.0
493.26975333799226,0,0.0
,0,0.0
,0,0.0
,0,0.0
,0,0.0
,0,0.0
,0,0.0
,0,0.0
,0,0.0
,0,0.0
,0,0.0
,0,0.0
,0,0.0
,0,0.0
,0,0.0
396.6443400660941,0,0.0
450.8664540967777,1,0.0
487.151009252495,1,0.0
520.7527929289222,1,0.0
524.5662351408935,1,0.0
517.2107290943444,1,0.0
497.4840612218844,1,0.0
487.55274684950507,1,0.0
488.0915130699093,1,0.0
492.9434887765358,1,0.0
493.57221044299285,1,0.0
495.5885226007644,1,0.0
496.86473607242567,1,0.0
499.09418908678884,1,0.0
502.10813211913734,1,0.0
500.6511504015438,1,0.0
494.2069510390733,1,0.0
490.54191114312925,1,0.0
480.1491634786201,1,0.0
480.10821773280645,1,0.0
481.5112474110252,1,0.0
478.7783775376925,1,0.0
474.0547621957235,1,0.0
472.64045433325316,1,0.0
472.5638029142778,1,0.0
471.51311602986664,1,0.0
472.1332684332895,1,0.0
471.64326032709255,1,0.0
471.8445992891446,1,0.0
468.9764127255703,1,0.0
467.4352243749491,1,0.0
469.4737258469752,1,0.0
471.81493546512013,1,0.0
476.9917385017004,1,0.0
480.32969814939156,1,0.0
477.0854561687298,1,0.0
458.50116741653073,1,0.0
466.09149009563413,0,0.0
512.1972652260832,1,0.0
,0,0.0
,0,0.0
,0,0.0
,0,0.0
570.7122545938712,0,0.0
579.2759274678374,0,0.0
,0,0.0
,0,0.0
,0,0.0
,0,0.0
,0,0.0
,0,0.0
,0,0.0
,0,0.0
,0,0.0
,0,0.0
,0,0.0
,0,0.0
,0,0.0
,0,0.0
,0,0.0
,0,0.0
,0,0.0
,0,0.0
,0,0.0
,0,0.0
,0,0.0
,0,0.0
,0,0.0
,0,0.0
,0,0.0
,0,0.0
,0,0.0
507.6879834774666,0,0.0
530.652276310272,1,0.0
519.0404782209598,1,0.0
546.5298615915523,1,0.0
505.3283082717888,1,0.0
478.6671944666469,1,0.0
480.9605168114011,1,0.0
482.7464077950813,1,0.0
487.77977762527894,1,0.0
490.13407558491804,1,0.0
467.15485551951485,0,0.0
506.3006836284895,0,0.0
492.15039187408416,1,0.0
509.1841232170891,1,0.0
477.6903418406395,1,0.0
453.7169726881075,1,0.0
445.37849153369183,1,0.0
455.8513832103539,1,0.0
468.4626994398985,1,0.0
464.08731396719446,1,0.0
448.1755134692048,1,0.0
453.82180673807767,1,0.0
462.50385305052583,1,0.0
462.3442573218485,1,0.0
456.69905324775357,1,0.0
455.7452931414693,1,0.0
455.7516467535399,1,0.0
455.36274308801035,1,0.0
455.00590391561246,1,0.0
457.4367247016475,1,0.0
457.0966337643431,1,0.0
454.65967912593993,1,0.0
448.3265638026523,1,0.0
451.6800637048411,1,0.0
456.51813103129103,1,0.0
459.11866088095945,1,0.0
451.6963573926965,1,0.0
447.7013254024743,1,0.0
439.01920384575254,1,0.0
438.1881676673445,1,0.0
436.2571495328122,1,0.0
427.0640406788867,1,0.0
431.56507924234467,1,0.0
432.84073951702453,1,0.0
428.08066870252844,0,0.0
,0,0.0
,0,0.0
,0,0.0
,0,0.0
,0,0.0
,0,0.0
,0,0.0
,0,0.0
,0,0.0
,0,0.0
,0,0.0
,0,0.0
,0,0.0
,0,0.0
,0,0.0
,0,0.0
487.0512476492894,0,0.0
466.4551367529853,1,0.0
461.0815195255944,1,0.0
469.3051459821034,1,0.0
472.68528948155813,1,0.0
474.9693040153992,1,0.0
465.0441590587309,1,0.0
458.4878928234566,1,0.0
459.575722785982,1,0.0
459.1247980424521,1,0.0
454.3520979957055,1,0.0
450.51599728883593,1,0.0
451.39365277069226,1,0.0
452.5768884449495,1,0.0
444.10124773226505,1,0.0
447.45628348764876,1,0.0
456.42061996389197,1,0.0
455.6143545057585,1,0.0
452.48322516563275,1,0.0
439.0585872000161,1,0.0
438.8396316185666,1,0.0
438.1083606348791,1,0.0
428.34725790672314,1,0.0
422.07207363328916,0,0.0
,0,0.0
,0,0.0
,0,0.0
,0,0.0
,0,0.0
,0,0.0
,0,0.0
,0,0.0
,0,0.0
,0,0.0
,0,0.0
,0,0.0
,0,0.0
,0,0.0
,0,0.0
,0,0.0
,0,0.0
,0,0.0
,0,0.0
,0,0.0
,0,0.0
,0,0.0
,0,0.0
,0,0.0
,0,0.0
,0,0.0
,0,0.0
,0,0.0
,0,0.0
,0,0.0
,0,0.0
,0,0.0
,0,0.0
,0,0.0
,0,0.0
,0,0.0
,0,0.0
,0,0.0
,0,0.0
,0,0.0
,0,0.0
,0,0.0
,0,0.0
,0,0.0
,0,0.0
,0,0.0
,0,0.0
,0,0.0
,0,0.0
,0,0.0
,0,0.0
,0,0.0
,0,0.0
,0,0.0
,0,0.0
,0,0.0
,0,0.0
,0,0.0
,0,0.0
,0,0.0
,0,0.0
,0,0.0
457.60715919527934,0,0.0
,0,0.0
,0,0.0
,0,0.0
,0,0.0
,0,0.0
,0,0.0
,0,0.0
,0,0.0
,0,0.0
,0,0.0
,0,0.0
,0,0.0
,0,0.0
487.76166786790674,1,0.0
481.88904722408387,0,0.0
,0,0.0
,0,0.0
,0,0.0
,0,0.0
,0,0.0
459.91804464480384,0,0.0
479.24208907929756,1,0.0
512.2051031106719,1,0.0
521.8986342306172,1,0.0
529.5216435115843,1,0.0
529.3724404374831,1,0.0
524.3542037215747,1,0.0
516.7927864828533,1,0.0
508.80792913235035,1,0.0
502.68078994216137,1,0.0
498.75175234185207,1,0.0
495.72804044332116,1,0.0
497.83050883573463,1,0.0
498.0515233361923,1,0.0
496.45105709270325,1,0.0
496.65460342338093,1,0.0
496.1406307744621,1,0.0
492.67945011038796,1,0.0
487.7849408263099,1,0.0
482.9842350788995,1,0.0
478.45303551235554,1,0.0
471.79615884872635,1,0.0
470.66124830635766,1,0.0
465.5728338741582,1,0.0
454.77099036842395,1,0.0
444.95585465945675,1,0.0
507.54120143455134,1,0.0
576.6125370983249,1,0.0
603.3237443890457,0,0.0
,0,0.0
,0,0.0
,0,0.0
,0,0.0
,0,0.0
481.07445513573174,0,0.0
459.3801566536777,1,0.0
436.7317939803045,1,0.0
453.1422579677872,1,0.0
469.6993294403896,1,0.0
470.04466380318826,1,0.0
473.43546070589196,1,0.0
468.83366186250583,1,0.0
449.1788880780088,1,0.0
413.1347354446761,1,0.0
402.7688774775276,0,0.0
,0,0.0
,0,0.0
,0,0.0
536.0001098657298,0,0.0
536.4200883903254,0,0.0
543.9907082757954,0,0.0
563.8942922385958,1,0.0
522.8486877922134,1,0.0
490.4762820440046,1,0.0
504.53884627494097,1,0.0
501.27668318501975,0,0.0
,0,0.0
,0,0.0
,0,0.0
,0,0.0
,0,0.0
,0,0.0
,0,0.0
,0,0.0
,0,0.0
,0,0.0
,0,0.0
,0,0.0
,0,0.0
,0,0.0
299.0505829964707,0,0.0
327.5729184457084,1,0.0
357.0183417485618,1,0.0
382.9509809478629,0,0.0
,0,0.0
,0,0.0
,0,0.0
,0,0.0
,0,0.0
,0,0.0
,0,0.0
,0,0.0
,0,0.0
,0,0.0
,0,0.0
,0,0.0
,0,0.0
,0,0.0
,0,0.0
,0,0.0
,0,0.0
,0,0.0
,0,0.0
,0,0.0
,0,0.0
,0,0.0
,0,0.0
,0,0.0
,0,0.0
,0,0.0
,0,0.0
,0,0.0
,0,0.0
,0,0.0
,0,0.0
,0,0.0
,0,0.0
,0,0.0
,0,0.0
,0,0.0
,0,0.0
,0,0.0
,0,0.0
,0,0.0
,0,0.0
,0,0.0
,0,0.0
,0,0.0
,0,0.0
,0,0.0
,0,0.0
,0,0.0
,0,0.0
,0,0.0
,0,0.0
419.14437183187545,0,0.0
,0,0.0
,0,0.0
,0,0.0
,0,0.0
,0,0.0
,0,0.0
,0,0.0
,0,0.0
485.7627525733086,0,0.0
499.6445620075194,1,0.0
522.1062158634504,1,0.0
511.29189943259644,1,0.0
501.81545997750567,1,0.0
500.75861174539455,1,0.0
505.4194562502917,1,0.0
511.73442878265047,1,0.0
510.7967735768543,1,0.0
516.6382141403731,1,0.0
517.4251420119457,1,0.0
507.40764889073665,1,0.0
502.4683189805076,1,0.0
491.5043391647594,1,0.0
499.7992096088132,1,0.0
497.4772054606325,1,0.0
491.97631231696306,1,0.0
485.80085057444643,1,0.0
483.9551828425217,1,0.0
485.64020801265593,1,0.0
498.0460131185436,1,0.0
503.9098900843201,1,0.0
501.2937338541852,1,0.0
494.18164476859874,1,0.0
486.3600893335362,1,0.0
480.38952366430186,1,0.0
474.5756494586483,1,0.0
460.07507651391643,1,0.0
464.22341972546053,1,0.0
463.5278555154397,0,0.0
,0,0.0
,0,0.0
,0,0.0
,0,0.0
,0,0.0
,0,0.0
,0,0.0
,0,0.0
,0,0.0
,0,0.0
,0,0.0
,0,0.0
272.6268864011265,0,0.0
529.330389838147,1,0.0
583.3598896748631,1,0.0
598.0850983911513,1,0.0
588.6284544469752,1,0.0
590.9757641653454,1,0.0
597.5171014575227,1,0.0
601.4128586350514,1,0.0
611.7188887329463,1,0.0
622.2437895570428,1,0.0
634.63734741684,1,0.0
633.0808780697258,1,0.0
614.6225874110925,1,0.0
605.4405777074043,1,0.0
606.499323892226,1,0.0
609.2190393971861,1,0.0
609.7946063132265,1,0.0
611.0868260206846,1,0.0
614.9515160594314,1,0.0
614.4478154652692,1,0.0
606.1459070187707,1,0.0
598.646261409845,1,0.0
597.2389326459496,1,0.0
603.744346088846,1,0.0
604.6225217815798,1,0.0
605.1613839741794,1,0.0
603.3119831396826,1,0.0
603.1716538142008,1,0.0
596.3103381438242,1,0.0
586.3959985157574,1,0.0
582.7848725896717,1,0.0
580.9360436811604,1,0.0
582.9928317544064,1,0.0
583.5921366241514,1,0.0
582.4682836245269,1,0.0
582.6879316485451,1,0.0
584.5586963680498,1,0.0
585.7647247703507,1,0.0
586.3584088906097,1,0.0
576.47145469005,1,0.0
568.094439336219,1,0.0
563.4178490030712,1,0.0
561.8664342329544,1,0.0
558.8522336734935,1,0.0
554.1069394683755,1,0.0
552.9237097254891,1,0.0
543.1864459786648,1,0.0
526.2159246197951,1,0.0
545.4782481237495,1,0.0
575.0415981397163,1,0.0
586.9303060372641,1,0.0
594.5455738750366,1,0.0
593.6868789505771,1,0.0
588.7706552396444,1,0.0
583.8025285764726,1,0.0
580.853443017347,1,0.0
580.7525209033306,1,0.0
583.5521932971341,1,0.0
579.284774094486,1,0.0
570.0408987453235,1,0.0
563.0396098286885,1,0.0
555.2868150717024,1,0.0
542.6532761789454,1,0.0
535.3592825396486,1,0.0
533.2567374090423,1,0.0
528.2387430364274,1,0.0
522.030858677591,1,0.0
515.3764587299265,1,0.0
511.78901210269913,1,0.0
504.6176175500872,1,0.0
502.87881371367854,1,0.0
505.99155058836476,0,0.0
,0,0.0
,0,0.0
,0,0.0
,0,0.0
,0,0.0
,0,0.0
,0,0.0
,0,0.0
,0,0.0
,0,0.0
523.1620056087294,1,0.0
518.1437341008195,1,0.0
523.6728081818237,1,0.0
531.8386017572558,1,0.0
547.8790864878205,1,0.0
559.4730269830887,1,0.0
570.0380355164766,1,0.0
576.2882645323991,1,0.0
579.8099764690323,1,0.0
577.4192613112914,1,0.0
570.6992610097965,1,0.0
569.6426536660236,1,0.0
576.7110589792072,1,0.0
581.5959082268147,1,0.0
582.2796826210935,1,0.0
583.7029388393149,1,0.0
603.3021874454278,1,0.0
592.3568622091195,1,0.0
576.9441356065472,1,0.0
595.0218904020732,1,0.0
624.6452297593846,1,0.0
595.1172580535743,1,0.0
571.9913050508936,1,0.0
561.5825462826979,1,0.0
561.4707879438824,1,0.0
562.7082822375828,1,0.0
563.6744698492167,1,0.0
561.4431306224616,1,0.0
555.2818921884217,1,0.0
549.0849147299604,1,0.0
541.7141790031093,1,0.0
533.0100894755759,1,0.0
522.1738789047863,1,0.0
515.2304748746616,1,0.0
509.5603186327399,1,0.0
514.0920140343036,1,0.0
524.9034842617613,1,0.0
522.7017380379662,1,0.0
509.4031026972243,1,0.0
492.34072405435194,1,0.0
464.8301467474403,1,0.0
429.4837181294503,0,0.0
438.007831377087,0,0.0
474.1592676898477,1,0.0
510.9854408502835,1,0.0
527.6968143232781,1,0.0
516.9615616855319,0,0.0
,0,0.0
,0,0.0
457.74394197668244,1,0.0
469.325047757394,1,0.0
511.86086069128174,1,0.0
533.2803525581095,1,0.0
528.6399986073648,1,0.0
533.7504189844046,1,0.0
521.7970969682546,1,0.0
528.0151453257406,1,0.0
538.3583432437271,1,0.0
542.1293726754353,1,0.0
550.0445382446342,1,0.0
554.860969698282,1,0.0
556.0065122314248,1,0.0
549.4630102822487,1,0.0
547.4899143847911,1,0.0
544.4661750534856,1,0.0
545.4953116727821,1,0.0
544.4372941290211,1,0.0
543.8772214702639,1,0.0
542.2793775969179,1,0.0
532.4207717577318,1,0.0
527.6977446629359,1,0.0
531.2136345698399,1,0.0
533.4693780605202,1,0.0
526.897980024331,1,0.0
516.960184544307,1,0.0
506.1599680099442,1,0.0
499.4239178660284,1,0.0
493.9691047553941,1,0.0
486.5546436719855,1,0.0
479.7836351633523,1,0.0
467.14643352833167,1,0.0
457.3931448005251,1,0.0
443.27521956842793,1,0.0
439.55521384933496,0,0.0
,0,0.0
,0,0.0
,0,0.0
384.3384716596939,0,0.0
480.97344161882955,1,0.0
564.9164021508365,1,0.0
567.8901740699929,0,0.0
,0,0.0
,0,0.0
,0,0.0
,0,0.0
,0,0.0
,0,0.0
,0,0.0
503.1647195572978,0,0.0
495.79556780914476,1,0.0
498.53836664378616,1,0.0
503.277626512237,1,0.0
504.236624932381,1,0.0
504.98725659753933,1,0.0
509.1975946610008,1,0.0
509.17897965310254,1,0.0
508.6392204620621,1,0.0
505.57053473248675,1,0.0
500.30965646794897,1,0.0
495.9077486650135,1,0.0
490.04740557803217,1,0.0
488.39291999446874,1,0.0
487.70324393378326,1,0.0
490.32662015761036,1,0.0
494.034046796429,1,0.0
491.1437684843155,1,0.0
492.09812540742155,1,0.0
496.1975789943319,1,0.0
495.3740086384542,1,0.0
487.36752805907395,1,0.0
483.9702210447482,1,0.0
482.9986189672491,1,0.0
479.5591628393724,1,0.0
475.39909740631396,1,0.0
472.508412192695,1,0.0
467.3989599108961,1,0.0
463.7531415178279,1,0.0
460.72444507871774,1,0.0
459.6014376318008,1,0.0
457.8465223735118,1,0.0
456.9066966429945,1,0.0
459.383547278896,1,0.0
468.3872001904578,1,0.0
462.17495837109095,1,0.0
458.301453090184,1,0.0
451.9740400711208,1,0.0
447.9566255285849,1,0.0
444.77113653592096,1,0.0
447.4229907775835,1,0.0
446.36429833320506,1,0.0
448.02748413586437,1,0.0
449.46852058903784,1,0.0
451.71915158966976,1,0.0
453.8596486604392,1,0.0
452.79878770241663,1,0.0
449.2566392877639,1,0.0
444.9121473823338,1,0.0
445.6599817244994,1,0.0
447.6188848979336,1,0.0
450.78448872495863,1,0.0
454.0170564669442,1,0.0
457.986359992389,1,0.0
463.9728812961828,1,0.0
459.3690213155664,1,0.0
442.7645954279156,1,0.0
445.4946455310705,0,0.0
591.4539077335963,0,0.0
534.2531511542568,0,0.0
287.9232592747076,1,0.0
272.1393127948833,0,0.0
,0,0.0
,0,0.0
,0,0.0
,0,0.0
477.43016391295725,0,0.0
474.3558352482247,1,0.0
475.0209456858147,1,0.0
469.67451352724675,1,0.0
462.4482363574296,1,0.0
463.33515393564085,1,0.0
465.16611344483084,1,0.0
462.52735537848673,1,0.0
462.25859033821774,1,0.0
459.48632324890553,1,0.0
456.90366738256483,1,0.0
456.91322086359713,1,0.0
455.34521642134735,1,0.0
454.7031164478262,1,0.0
453.59783312319365,1,0.0
451.8546611087079,1,0.0
453.2186526851634,1,0.0
456.16567356488554,1,0.0
461.85510895992417,1,0.0
472.26787052307395,1,0.0
470.5454014895307,1,0.0
459.9169813335493,1,0.0
448.93930611899833,1,0.0
442.8728523326877,0,0.0
,0,0.0
,0,0.0
,0,0.0
,0,0.0
,0,0.0
,0,0.0
,0,0.0
418.8073630730192,0,0.0
425.2686552115089,1,0.0
431.6720202626537,1,0.0
436.82783227723866,1,0.0
442.5853776055264,1,0.0
450.03853613537336,1,0.0
454.2841169159194,1,0.0
458.98197422640345,1,0.0
464.10120340895605,1,0.0
475.4143557839672,1,0.0
471.95221576543884,1,0.0
447.9753689266964,1,0.0
446.9229507577581,1,0.0
455.49142583288017,0,0.0
,0,0.0
,0,0.0
,0,0.0
,0,0.0
,0,0.0
,0,0.0
,0,0.0
,0,0.0
,0,0.0
,0,0.0
,0,0.0
,0,0.0
,0,0.0
,0,0.0
,0,0.0
,0,0.0
,0,0.0
,0,0.0
,0,0.0
,0,0.0
,0,0.0
508.6356877671861,1,0.0
474.07295034824733,1,0.0
454.1786979589348,0,0.0
,0,0.0
556.7437920335597,0,0.0
599.279850060124,1,0.0
635.1972083329176,1,0.0
612.3393337877319,1,0.0
594.2975551827495,1,0.0
602.770862211065,0,0.0
,0,0.0
,0,0.0
,0,0.0
,0,0.0
536.5405567217019,0,0.0
532.0720466131891,1,0.0
552.042701186876,0,0.0
557.8445684855916,1,0.0
535.708506141912,1,0.0
531.7863976328896,1,0.0
547.2990998441638,1,0.0
557.0729933517144,1,0.0
334.0401921355788,1,0.0
343.45413464254034,0,0.0
513.2976665284206,1,0.0
513.4396487747537,1,0.0
513.6499851472042,0,0.0
513.1646682966982,0,0.0
,0,0.0
,0,0.0
,0,0.0
,0,0.0
,0,0.0
,0,0.0
,0,0.0
,0,0.0
,0,0.0
360.2107080497338,0,0.0
362.2052640097291,0,0.0
,0,0.0
,0,0.0
,0,0.0
,0,0.0
,0,0.0
,0,0.0
,0,0.0
,0,0.0
,0,0.0
,0,0.0
,0,0.0
,0,0.0
,0,0.0
,0,0.0
,0,0.0
,0,0.0
,0,0.0
,0,0.0
,0,0.0
,0,0.0
,0,0.0
,0,0.0
,0,0.0
,0,0.0
,0,0.0
,0,0.0
,0,0.0
,0,0.0
262.8285801922063,0,0.0
264.22316393125305,1,0.0
323.36481756961535,0,0.0
540.3440423956894,1,0.0
538.5779705373568,1,0.0
536.4114546496188,1,0.0
529.7378511366152,1,0.0
524.4609632820449,1,0.0
516.8760425838203,1,0.0
510.9319329159616,1,0.0
506.2082359744179,1,0.0
499.0156614802714,1,0.0
497.1480588487322,1,0.0
493.6510746321948,1,0.0
490.6803354622887,1,0.0
493.4401128670359,1,0.0
499.0541086093479,1,0.0
491.508110958205,1,0.0
495.48345135448295,1,0.0
497.05542655477063,0,0.0
,0,0.0
,0,0.0
,0,0.0
,0,0.0
,0,0.0
,0,0.0
,0,0.0
555.1885470366346,0,0.0
514.0162687505525,1,0.0
419.3204237046073,1,0.0
408.7484489623186,0,0.0
333.28627440255434,0,0.0
337.9310508328632,1,0.0
333.4895741662735,1,0.0
334.1996353697186,1,0.0
334.8311619251647,1,0.0
336.69810629847046,1,0.0
335.04483721508166,1,0.0
329.7512673921346,1,0.0
326.9635973308079,1,0.0
318.38501022356144,1,0.0
327.61623901607754,1,0.0
576.4405167117734,0,0.0
567.1951462046717,1,0.0
532.4282772850174,1,0.0
501.2378424529992,1,0.0
469.7124320006311,0,0.0
,0,0.0
,0,0.0
,0,0.0
641.0900690818589,0,0.0
626.1766196407075,1,0.0
590.2229313794808,1,0.0
568.5500860903613,1,0.0
558.2229425328017,1,0.0
550.6613896070065,1,0.0
543.1908753079298,1,0.0
538.2693183166713,1,0.0
524.4137055632017,1,0.0
517.4059356286351,1,0.0
512.3694384982836,1,0.0
504.3469695822634,1,0.0
504.6817395722935,1,0.0
501.8496289286792,1,0.0
499.8737985133246,1,0.0
499.7223456912603,1,0.0
499.2442109395402,1,0.0
500.77647615261264,1,0.0
501.05650405748855,1,0.0
502.05507974445646,1,0.0
502.50893015366177,1,0.0
502.42785058463215,1,0.0
503.5019512815843,1,0.0
501.19952097253577,1,0.0
498.1212489506652,1,0.0
496.9999363508528,1,0.0
497.4638008317206,1,0.0
497.95331763272276,1,0.0
496.8877980378442,1,0.0
497.5804875266094,1,0.0
493.39048024256005,1,0.0
491.6142416189923,1,0.0
483.4773630246921,1,0.0
475.44287278110716,1,0.0
461.04628643812373,1,0.0
457.11469004800955,0,0.0
,0,0.0
360.1270261241757,0,0.0
345.8766470785525,1,0.0
316.2748751417352,1,0.0
288.1700330645813,0,0.0
,0,0.0
,0,0.0
,0,0.0
,0,0.0
,0,0.0
,0,0.0
507.7973363058733,0,0.9090909090909091
430.05644256971044,0,1.0
536.1261997114984,0,0.9090909090909091
,0,0.0
347.85077852437877,0,0.0
342.2089915460205,0,0.0
,0,0.0
347.7668428832217,0,0.0
355.2865404883542,1,0.0
349.39840081995294,1,0.0
347.0549001048278,1,0.0
335.92008521372367,1,0.0
619.5655649743376,0,0.0
381.4501111235048,0,0.0
376.51944942975274,1,0.0
360.3055819697715,0,0.0
361.1957509467186,1,0.0
350.1373335092478,0,0.0
,0,0.0
,0,0.0
,0,0.0
465.13706255122577,0,0.0
466.12207873994834,1,0.0
460.3501142558943,1,0.0
457.6939573661191,1,0.0
456.47612024555815,1,0.0
460.6976097870697,1,0.0
462.08249910173384,1,0.0
458.39629463086004,1,0.0
451.1472921846021,1,0.0
442.33879350824026,0,0.0
450.87372007265293,0,0.0
,0,0.0
,0,0.0
,0,0.0
,0,0.0
,0,0.0
,0,0.0
,0,0.0
,0,0.0
378.0282483334576,0,0.0
328.49211686880807,0,0.0
334.53185558174056,1,0.0
320.3437272005471,0,0.0
,0,0.0
,0,0.0
,0,0.0
,0,0.0
,0,0.0
,0,0.0
,0,0.0
,0,0.0
,0,0.0
,0,0.0
,0,0.0
,0,0.0
,0,0.0
,0,0.0
,0,0.0
,0,0.0
,0,0.0
,0,0.0
,0,0.0
,0,0.0
269.4491733028705,0,0.45454545454545453
304.66434719877174,0,1.0
343.1028291715025,0,1.0
345.2231894315916,0,0.25
,0,0.0
,0,0.0
,0,0.0
,0,0.0
,0,0.0
,0,0.0
,0,0.0
,0,0.0
,0,0.0
,0,0.0
,0,0.0
,0,0.0
,0,0.0
,0,0.0
,0,0.0
,0,0.0
,0,0.0
,0,0.0
,0,0.0
,0,0.0
,0,0.0
,0,0.0
,0,0.0
,0,0.0
,0,0.0
,0,0.0
,0,0.0
,0,0.0
,0,0.0
,0,0.0
,0,0.0
,0,0.0
,0,0.0
,0,0.0
,0,0.0
,0,0.0
,0,0.0
,0,0.0
,0,0.0
,0,0.0
,0,0.0
,0,0.0
,0,0.0
,0,0.0
,0,0.0
,0,0.0
,0,0.0
,0,0.0
,0,0.0
,0,0.0
,0,0.0
,0,0.0
,0,0.0
,0,0.0
,0,0.0
,0,0.0
,0,0.0
,0,0.0
,0,0.0
,0,0.0
,0,0.0
,0,0.0
,0,0.0
,0,0.0
,0,0.0
,0,0.0
,0,0.0
,0,0.0
,0,0.0
,0,0.0
,0,0.0
,0,0.0
,0,0.0
,0,0.0
,0,0.0
,0,0.0
,0,0.0
,0,0.0
,0,0.0
,0,0.0
,0,0.0
,0,0.0
,0,0.0
,0,0.0
,0,0.0
,0,0.0
,0,0.0
,0,0.0
,0,0.0
,0,0.0
,0,0.0
,0,0.0
,0,0.0
,0,0.0
,0,0.0
,0,0.0
,0,0.0
,0,0.0
,0,0.0
,0,0.0
,0,0.0
,0,0.0
,0,0.0
,0,0.0
,0,0.0
,0,0.0
,0,0.0
,0,0.0
,0,0.0
,0,0.0
,0,0.0
,0,0.0
,0,0.0
,0,0.0
,0,0.0
,0,0.0
,0,0.0
,0,0.0
,0,0.0
,0,0.0
,0,0.0
,0,0.0
,0,0.0
,0,0.0
,0,0.0
,0,0.0
,0,0.0
,0,0.0
,0,0.0
,0,0.0
,0,0.0
,0,0.0
,0,0.0
,0,0.0
,0,0.0
,0,0.0
,0,0.0
,0,0.0
,0,0.0
,0,0.0
,0,0.0
,0,0.0
,0,0.0
,0,0.0
,0,0.0
,0,0.0
,0,0.0
,0,0.0
,0,0.0
,0,0.0
,0,0.0
,0,0.0
,0,0.0
,0,0.0
,0,0.0
,0,0.0
,0,0.0
,0,0.0
,0,0.0
,0,0.0
,0,0.0
,0,0.0
,0,0.0
,0,0.0
,0,0.0
,0,0.0
,0,0.0
,0,0.0
,0,0.0
,0,0.0
,0,0.0
,0,0.0
,0,0.0
,0,0.0
,0,0.0
,0,0.0
,0,0.0
,0,0.0
,0,0.0
,0,0.0
,0,0.0
,0,0.0
,0,0.0
,0,0.0
,0,0.0
,0,0.0
,0,0.0
,0,0.0
,0,0.0
,0,0.0
,0,0.0
,0,0.0
,0,0.0
,0,0.0
,0,0.0
,0,0.0
,0,0.0
,0,0.0
,0,0.0
,0,0.0
,0,0.0
,0,0.0
,0,0.0
,0,0.0
,0,0.0
,0,0.0
,0,0.0
,0,0.0
,0,0.0
,0,0.0
,0,0.0
,0,0.0
,0,0.0
,0,0.0
,0,0.0
,0,0.0
,0,0.0
,0,0.0
,0,0.0
,0,0.0
,0,0.0
,0,0.0
,0,0.0
,0,0.0
,0,0.0
,0,0.0
,0,0.0
,0,0.0
,0,0.0
,0,0.0
,0,0.0
,0,0.0
,0,0.0
,0,0.0
,0,0.0
,0,0.0
,0,0.0
,0,0.0
,0,0.0
,0,0.0
,0,0.0
,0,0.0
,0,0.0
,0,0.0
,0,0.0
,0,0.0
,0,0.0
,0,0.0
,0,0.0
,0,0.0
,0,0.0
,0,0.0
,0,0.0
,0,0.0
,0,0.0
,0,0.0
,0,0.0
,0,0.0
,0,0.0
,0,0.0
,0,0.0
,0,0.0
,0,0.0
,0,0.0
,0,0.0
,0,0.0
,0,0.0
,0,0.0
,0,0.0
,0,0.0
,0,0.0
,0,0.0
,0,0.0
,0,0.0
,0,0.0
,0,0.0
,0,0.0
,0,0.0
,0,0.0
,0,0.0
,0,0.0
,0,0.0
,0,0.0
,0,0.0
,0,0.0
,0,0.0
,0,0.0
,0,0.0
,0,0.0
,0,0.0
,0,0.0
,0,0.0
,0,0.0
,0,0.0
,0,0.0
,0,0.0
,0,0.0
,0,0.0
,0,0.0
,0,0.0
,0,0.0
,0,0.0
,0,0.0
,0,0.0
,0,0.0
,0,0.0
,0,0.0
,0,0.0
,0,0.0
,0,0.0
,0,0.0
,0,0.0
,0,0.0
,0,0.0
,0,0.0
,0,0.0
,0,0.0
,0,0.0
,0,0.0
,0,0.0
,0,0.0
,0,0.0
,0,0.0
,0,0.0
,0,0.0
,0,0.0
,0,0.0
,0,0.0
,0,0.0
,0,0.0
,0,0.0
,0,0.0
,0,0.0
,0,0.0
,0,0.0
,0,0.0
,0,0.0
,0,0.0
,0,0.0
,0,0.0
,0,0.0
,0,0.0
,0,0.0
,0,0.0
,0,0.0
,0,0.0
,0,0.0
,0,0.0
,0,0.0
,0,0.0
,0,0.0
,0,0.0
,0,0.0
,0,0.0
,0,0.0
,0,0.0
,0,0.0
,0,0.0
,0,0.0
,0,0.0
,0,0.0
,0,0.0
,0,0.0
,0,0.0
,0,0.0
,0,0.0
,0,0.0
,0,0.0
,0,0.0
,0,0.0
,0,0.0
,0,0.0
,0,0.0
,0,0.0
,0,0.0
,0,0.0
,0,0.0
,0,0.0
,0,0.0
,0,0.0
,0,0.0
,0,0.0
,0,0.0
,0,0.0
,0,0.0
,0,0.0
,0,0.0
,0,0.0
,0,0.0
,0,0.0
,0,0.0
,0,0.0
,0,0.0
,0,0.0
,0,0.0
,0,0.0
,0,0.0
,0,0.0
,0,0.0
,0,0.0
,0,0.0
,0,0.0
,0,0.0
,0,0.0
,0,0.0
,0,0.0
,0,0.0
,0,0.0
,0,0.0
,0,0.0
,0,0.0
,0,0.0
,0,0.0
,0,0.0
,0,0.0
,0,0.0
,0,0.0
,0,0.0
,0,0.0
,0,0.0
,0,0.0
,0,0.0
,0,0.0
,0,0.0
,0,0.0
,0,0.0
,0,0.0
,0,0.0
,0,0.0
,0,0.0
,0,0.0
,0,0.0
,0,0.0
,0,0.0
,0,0.0
,0,0.0
,0,0.0
,0,0.0
,0,0.0
,0,0.0
,0,0.0
,0,0.0
,0,0.0
,0,0.0
,0,0.0
,0,0.0
,0,0.0
,0,0.0
,0,0.0
,0,0.0
,0,0.0
,0,0.0
,0,0.0
,0,0.0
,0,0.0
,0,0.0
,0,0.0
,0,0.0
,0,0.0
,0,0.0
,0,0.0
,0,0.0
,0,0.0
,0,0.0
,0,0.0
,0,0.0
,0,0.0
,0,0.0
,0,0.0
,0,0.0
,0,0.0
,0,0.0
,0,0.0
,0,0.0
,0,0.0
,0,0.0
,0,0.0
,0,0.0
,0,0.0
,0,0.0
,0,0.0
,0,0.0
,0,0.0
,0,0.0
,0,0.0
,0,0.0
,0,0.0
,0,0.0
,0,0.0
,0,0.0
,0,0.0
,0,0.0
,0,0.0
,0,0.0
,0,0.0
,0,0.0
,0,0.0
,0,0.0
,0,0.0
,0,0.0
,0,0.0
,0,0.0
,0,0.0
,0,0.0
,0,0.0
,0,0.0
,0,0.0
,0,0.0
,0,0.0
,0,0.0
,0,0.0
,0,0.0
,0,0.0
,0,0.0
,0,0.0
,0,0.0
,0,0.0
,0,0.0
,0,0.0
,0,0.0
,0,0.0
,0,0.0
,0,0.0
,0,0.0
,0,0.0
,0,0.0
,0,0.0
,0,0.0
,0,0.0
,0,0.0
,0,0.0
,0,0.0
,0,0.0
,0,0.0
,0,0.0
,0,0.0
,0,0.0
,0,0.0
,0,0.0
,0,0.0
,0,0.0
,0,0.0
,0,0.0
,0,0.0
,0,0.0
,0,0.0
,0,0.0
,0,0.0
,0,0.0
,0,0.0
,0,0.0
,0,0.0
,0,0.0
,0,0.0
,0,0.0
,0,0.0
,0,0.0
,0,0.0
,0,0.0
,0,0.0
,0,0.0
,0,0.0
,0,0.0
,0,0.0
,0,0.0
,0,0.0
,0,0.0
,0,0.0
,0,0.0
,0,0.0
,0,0.0
,0,0.0
,0,0.0
,0,0.0
,0,0.0
,0,0.0
,0,0.0
,0,0.0
,0,0.0
,0,0.0
,0,0.0
,0,0.0
,0,0.0
,0,0.0
,0,0.0
,0,0.0
,0,0.0
,0,0.0
,0,0.0
,0,0.0
,0,0.0
,0,0.0
,0,0.0
,0,0.0
,0,0.0
,0,0.0
,0,0.0
,0,0.0
,0,0.0
,0,0.0
,0,0.0
,0,0.0
,0,0.0
,0,0.0
,0,0.0
,0,0.0
,0,0.0
,0,0.0
,0,0.0
,0,0.0
,0,0.0
,0,0.0
,0,0.0
,0,0.0
,0,0.0
,0,0.0
,0,0.0
,0,0.0
,0,0.0
,0,0.0
,0,0.0
,0,0.0
,0,0.0
,0,0.0
,0,0.0
,0,0.0
,0,0.0
,0,0.0
,0,0.0
,0,0.0
,0,0.0
,0,0.0
,0,0.0
,0,0.0
,0,0.0
,0,0.0
,0,0.0
,0,0.0
,0,0.0
,0,0.0
,0,0.0
,0,0.0
,0,0.0
,0,0.0
,0,0.0
,0,0.0
,0,0.0
,0,0.0
,0,0.0
,0,0.0
,0,0.0
,0,0.0
,0,0.0
,0,0.0
,0,0.0
,0,0.0
,0,0.0
,0,0.0
,0,0.0
,0,0.0
,0,0.0
,0,0.0
,0,0.0
,0,0.0
,0,0.0
,0,0.0
,0,0.0
,0,0.0
,0,0.0
,0,0.0
,0,0.0
,0,0.0
,0,0.0
,0,0.0
,0,0.0
,0,0.0
,0,0.0
,0,0.0
,0,0.0
,0,0.0
,0,0.0
,0,0.0
,0,0.0
,0,0.0
,0,0.0
,0,0.0
,0,0.0
,0,0.0
,0,0.0
,0,0.0
,0,0.0
,0,0.0
,0,0.0
,0,0.0
,0,0.0
,0,0.0
,0,0.0
,0,0.0
,0,0.0
,0,0.0
,0,0.0
,0,0.0
,0,0.0
,0,0.0
,0,0.0
,0,0.0
,0,0.0
,0,0.0
,0,0.0
,0,0.0
,0,0.0
,0,0.0
,0,0.0
,0,0.0
,0,0.0
,0,0.0
,0,0.0
,0,0.0
,0,0.0
,0,0.0
,0,0.0
,0,0.0
,0,0.0
,0,0.0
,0,0.0
,0,0.0
,0,0.0
,0,0.0
,0,0.0
,0,0.0
,0,0.0
,0,0.0
,0,0.0
,0,0.0
,0,0.0
,0,0.0
,0,0.0
,0,0.0
,0,0.0
,0,0.0
,0,0.0
,0,0.0
,0,0.0
,0,0.0
,0,0.0
,0,0.0
,0,0.0
,0,0.0
,0,0.0
,0,0.0
,0,0.0
,0,0.0
,0,0.0
,0,0.0
,0,0.0
,0,0.0
,0,0.0
,0,0.0
,0,0.0
,0,0.0
,0,0.0
,0,0.0
,0,0.0
,0,0.0
,0,0.0
,0,0.0
,0,0.0
,0,0.0
,0,0.0
,0,0.0
,0,0.0
,0,0.0
,0,0.0
,0,0.0
,0,0.0
,0,0.0
,0,0.0
,0,0.0
,0,0.0
,0,0.0
,0,0.0
,0,0.0
,0,0.0
,0,0.0
,0,0.0
,0,0.0
,0,0.0
,0,0.0
,0,0.0
,0,0.0
,0,0.0
,0,0.0
,0,0.0
,0,0.0
,0,0.0
,0,0.0
,0,0.0
,0,0.0
,0,0.0
,0,0.0
,0,0.0
,0,0.0
,0,0.0
,0,0.0
,0,0.0
,0,0.0
,0,0.0
,0,0.0
,0,0.0
,0,0.0
,0,0.0
,0,0.0
,0,0.0
,0,0.0
,0,0.0
,0,0.0
,0,0.0
,0,0.0
,0,0.0
,0,0.0
,0,0.0
,0,0.0
,0,0.0
,0,0.0
,0,0.0
,0,0.0
,0,0.0
,0,0.0
,0,0.0
,0,0.0
,0,0.0
,0,0.0
,0,0.0
,0,0.0
,0,0.0
,0,0.0
,0,0.0
,0,0.0
,0,0.0
,0,0.0
,0,0.0
,0,0.0
,0,0.0
,0,0.0
,0,0.0
,0,0.0
,0,0.0
,0,0.0
,0,0.0
,0,0.0
,0,0.0
,0,0.0
,0,0.0
,0,0.0
,0,0.0
,0,0.0
,0,0.0
,0,0.0
,0,0.0
,0,0.0
,0,0.0
,0,0.0
,0,0.0
,0,0.0
,0,0.0
,0,0.0
,0,0.0
,0,0.0
,0,0.0
,0,0.0
,0,0.0
,0,0.0
,0,0.0
,0,0.0
,0,0.0
,0,0.0
,0,0.0
,0,0.0
,0,0.0
,0,0.0
,0,0.0
,0,0.0
,0,0.0
,0,0.0
,0,0.0
,0,0.0
,0,0.0
,0,0.0
,0,0.0
,0,0.0
,0,0.0
,0,0.0
,0,0.0
,0,0.0
,0,0.0
,0,0.0
,0,0.0
,0,0.0
,0,0.0
,0,0.0
,0,0.0
,0,0.0
,0,0.0
,0,0.0
,0,0.0
,0,0.0
,0,0.0
,0,0.0
,0,0.0
,0,0.0
,0,0.0
,0,0.0
,0,0.0
,0,0.0
,0,0.0
,0,0.0
,0,0.0
,0,0.0
,0,0.0
,0,0.0
,0,0.0
,0,0.0
,0,0.0
,0,0.0
,0,0.0
,0,0.0
,0,0.0
284.0724351589342,0,0.2727272727272727
264.44626439059545,0,0.6363636363636364
,0,0.0
,0,0.0
,0,0.0
,0,0.0
,0,0.0
,0,0.0
,0,0.0
,0,0.0
,0,0.0
,0,0.0
,0,0.0
,0,0.0
,0,0.0
,0,0.0
,0,0.0
,0,0.0
,0,0.0
,0,0.0
,0,0.0
,0,0.0
,0,0.0
,0,0.0
,0,0.0
,0,0.0
,0,0.0
,0,0.0
,0,0.0
,0,0.0
,0,0.0
,0,0.0
,0,0.0
,0,0.0
,0,0.0
,0,0.0
,0,0.0
,0,0.0
,0,0.0
,0,0.0
,0,0.0
,0,0.0
,0,0.0
,0,0.0
,0,0.0
,0,0.0
,0,0.0
,0,0.0
,0,0.0
,0,0.0
,0,0.0
,0,0.0
,0,0.0
,0,0.0
,0,0.0
,0,0.0
,0,0.0
,0,0.0
,0,0.0
,0,0.0
,0,0.0
,0,0.0
,0,0.0
,0,0.0
,0,0.0
,0,0.0
,0,0.0
,0,0.0
,0,0.0
,0,0.0
,0,0.0
,0,0.0
,0,0.0
,0,0.0
,0,0.0
,0,0.0
,0,0.0
,0,0.0
,0,0.0
,0,0.0
,0,0.0
,0,0.0
,0,0.0
,0,0.0
,0,0.0
,0,0.0
,0,0.0
,0,0.0
,0,0.0
,0,0.0
,0,0.0
,0,0.0
,0,0.0
,0,0.0
,0,0.0
,0,0.0
,0,0.0
,0,0.0
,0,0.0
,0,0.0
,0,0.0
,0,0.0
,0,0.0
,0,0.0
,0,0.0
,0,0.0
,0,0.0
,0,0.0
,0,0.0
,0,0.0
,0,0.0
,0,0.0
,0,0.0
,0,0.0
,0,0.0
,0,0.0
,0,0.0
,0,0.0
,0,0.0
,0,0.0
,0,0.0
,0,0.0
,0,0.0
,0,0.0
,0,0.0
,0,0.0
,0,0.0
,0,0.0
,0,0.0
,0,0.0
,0,0.0
,0,0.0
,0,0.0
,0,0.0
,0,0.0
,0,0.0
,0,0.0
,0,0.0
,0,0.0
,0,0.0
,0,0.0
,0,0.0
,0,0.0
,0,0.0
,0,0.0
,0,0.0
,0,0.0
,0,0.0
,0,0.0
,0,0.0
,0,0.0
,0,0.0
,0,0.0
,0,0.0
,0,0.0
,0,0.0
,0,0.0
,0,0.0
,0,0.0
,0,0.0
,0,0.0
,0,0.0
,0,0.0
,0,0.0
,0,0.0
,0,0.0
,0,0.0
,0,0.0
,0,0.0
,0,0.0
,0,0.0
,0,0.0
,0,0.0
,0,0.0
,0,0.0
,0,0.0
,0,0.0
,0,0.0
,0,0.0
,0,0.0
,0,0.0
,0,0.0
,0,0.0
,0,0.0
,0,0.0
,0,0.0
,0,0.0
,0,0.0
,0,0.0
,0,0.0
,0,0.0
,0,0.0
,0,0.0
,0,0.0
,0,0.0
,0,0.0
,0,0.0
,0,0.0
,0,0.0
,0,0.0
,0,0.0
,0,0.0
,0,0.0
,0,0.0
,0,0.0
,0,0.0
,0,0.0
,0,0.0
,0,0.0
,0,0.0
,0,0.0
,0,0.0
,0,0.0
,0,0.0
,0,0.0
,0,0.0
,0,0.0
,0,0.0
,0,0.0
,0,0.0
,0,0.0
,0,0.0
,0,0.0
,0,0.0
,0,0.0
,0,0.0
,0,0.0
,0,0.0
,0,0.0
,0,0.0
,0,0.0
,0,0.0
,0,0.0
,0,0.0
,0,0.0
,0,0.0
,0,0.0
,0,0.0
,0,0.0
,0,0.0
,0,0.0
,0,0.0
,0,0.0
,0,0.0
,0,0.0
,0,0.0
,0,0.0
,0,0.0
,0,0.0
,0,0.0
,0,0.0
,0,0.0
,0,0.0
,0,0.0
,0,0.0
,0,0.0
,0,0.0
,0,0.0
,0,0.0
,0,0.0
,0,0.0
,0,0.0
,0,0.0
,0,0.0
,0,0.0
,0,0.0
,0,0.0
,0,0.0
,0,0.0
,0,0.0
,0,0.0
,0,0.0
,0,0.0
,0,0.0
,0,0.0
,0,0.0
,0,0.0
,0,0.0
,0,0.0
,0,0.0
,0,0.0
,0,0.0
,0,0.0
,0,0.0
,0,0.0
,0,0.0
,0,0.0
,0,0.0
,0,0.0
,0,0.0
,0,0.0
,0,0.0
,0,0.0
,0,0.0
,0,0.0
,0,0.0
,0,0.0
,0,0.0
,0,0.0
,0,0.0
,0,0.0
,0,0.0
,0,0.0
,0,0.0
,0,0.0
,0,0.0
,0,0.0
,0,0.0
,0,0.0
,0,0.0
,0,0.0
,0,0.0
,0,0.0
,0,0.0
,0,0.0
,0,0.0
,0,0.0
,0,0.0
,0,0.0
,0,0.0
,0,0.0
,0,0.0
,0,0.0
,0,0.0
,0,0.0
,0,0.0
,0,0.0
,0,0.0
,0,0.0
,0,0.0
,0,0.0
,0,0.0
,0,0.0
,0,0.0
,0,0.0
,0,0.0
,0,0.0
,0,0.0
,0,0.0
,0,0.0
,0,0.0
,0,0.0
,0,0.0
,0,0.0
,0,0.0
,0,0.0
,0,0.0
,0,0.0
,0,0.0
,0,0.0
,0,0.0
,0,0.0
,0,0.0
,0,0.0
,0,0.0
,0,0.0
,0,0.0
,0,0.0
,0,0.0
,0,0.0
,0,0.0
,0,0.0
,0,0.0
,0,0.0
,0,0.0
,0,0.0
,0,0.0
,0,0.0
,0,0.0
,0,0.0
,0,0.0
,0,0.0
,0,0.0
,0,0.0
,0,0.0
,0,0.0
,0,0.0
,0,0.0
,0,0.0
,0,0.0
,0,0.0
,0,0.0
,0,0.0
,0,0.0
,0,0.0
,0,0.0
,0,0.0
,0,0.0
,0,0.0
,0,0.0
,0,0.0
,0,0.0
,0,0.0
,0,0.0
,0,0.0
,0,0.0
,0,0.0
,0,0.0
,0,0.0
,0,0.0
,0,0.0
,0,0.0
,0,0.0
,0,0.0
,0,0.0
,0,0.0
,0,0.0
,0,0.0
,0,0.0
,0,0.0
,0,0.0
,0,0.0
,0,0.0
,0,0.0
,0,0.0
,0,0.0
,0,0.0
,0,0.0
,0,0.0
,0,0.0
,0,0.0
,0,0.0
,0,0.0
,0,0.0
,0,0.0
,0,0.0
,0,0.0
,0,0.0
,0,0.0
,0,0.0
,0,0.0
,0,0.0
,0,0.0
,0,0.0
,0,0.0
,0,0.0
,0,0.0
,0,0.0
,0,0.0
,0,0.0
,0,0.0
,0,0.0
,0,0.0
,0,0.0
,0,0.0
,0,0.0
,0,0.0
,0,0.0
,0,0.0
,0,0.0
,0,0.0
,0,0.0
,0,0.0
,0,0.0
,0,0.0
,0,0.0
,0,0.0
,0,0.0
,0,0.0
,0,0.0
,0,0.0
,0,0.0
,0,0.0
,0,0.0
,0,0.0
,0,0.0
,0,0.0
,0,0.0
,0,0.0
,0,0.0
,0,0.0
,0,0.0
,0,0.0
,0,0.0
,0,0.0
,0,0.0
,0,0.0
,0,0.0
,0,0.0
,0,0.0
,0,0.0
,0,0.0
,0,0.0
,0,0.0
,0,0.0
,0,0.0
,0,0.0
,0,0.0
,0,0.0
,0,0.0
,0,0.0
,0,0.0
,0,0.0
,0,0.0
,0,0.0
,0,0.0
,0,0.0
,0,0.0
,0,0.0
,0,0.0
,0,0.0
,0,0.0
,0,0.0
,0,0.0
,0,0.0
,0,0.0
,0,0.0
,0,0.0
,0,0.0
,0,0.0
,0,0.0
,0,0.0
,0,0.0
,0,0.0
,0,0.0
,0,0.0
,0,0.0
,0,0.0
,0,0.0
,0,0.0
,0,0.0
,0,0.0
,0,0.0
,0,0.0
,0,0.0
,0,0.0
,0,0.0
,0,0.0
,0,0.0
,0,0.0
,0,0.0
,0,0.0
,0,0.0
,0,0.0
,0,0.0
,0,0.0
,0,0.0
,0,0.0
,0,0.0
,0,0.0
,0,0.0
,0,0.0
,0,0.0
,0,0.0
,0,0.0
,0,0.0
,0,0.0
,0,0.0
,0,0.0
,0,0.0
,0,0.0
,0,0.0
,0,0.0
,0,0.0
,0,0.0
,0,0.0
,0,0.0
,0,0.0
,0,0.0
,0,0.0
,0,0.0
,0,0.0
,0,0.0
,0,0.0
,0,0.0
,0,0.0
,0,0.0
,0,0.0
,0,0.0
,0,0.0
,0,0.0
,0,0.0
,0,0.0
,0,0.0
,0,0.0
,0,0.0
,0,0.0
,0,0.0
,0,0.0
,0,0.0
,0,0.0
,0,0.0
,0,0.0
,0,0.0
,0,0.0
,0,0.0
,0,0.0
,0,0.0
,0,0.0
,0,0.0
,0,0.0
,0,0.0
,0,0.0
,0,0.0
,0,0.0
,0,0.0
,0,0.0
,0,0.0
,0,0.0
,0,0.0
,0,0.0
,0,0.0
,0,0.0
,0,0.0
,0,0.0
,0,0.0
,0,0.0
,0,0.0
,0,0.0
,0,0.0
,0,0.0
,0,0.0
,0,0.0
,0,0.0
,0,0.0
,0,0.0
,0,0.0
,0,0.0
,0,0.0
,0,0.0
,0,0.0
,0,0.0
,0,0.0
,0,0.0
,0,0.0
,0,0.0
,0,0.0
,0,0.0
,0,0.0
,0,0.0
,0,0.0
,0,0.0
,0,0.0
,0,0.0
,0,0.0
,0,0.0
,0,0.0
,0,0.0
,0,0.0
,0,0.0
,0,0.0
,0,0.0
,0,0.0
,0,0.0
,0,0.0
,0,0.0
,0,0.0
,0,0.0
,0,0.0
,0,0.0
,0,0.0
,0,0.0
,0,0.0
,0,0.0
,0,0.0
,0,0.0
,0,0.0
,0,0.0
,0,0.0
,0,0.0
,0,0.0
,0,0.0
,0,0.0
,0,0.0
,0,0.0
,0,0.0
,0,0.0
,0,0.0
,0,0.0
,0,0.0
,0,0.0
,0,0.0
,0,0.0
,0,0.0
,0,0.0
,0,0.0
,0,0.0
,0,0.0
,0,0.0
,0,0.0
,0,0.0
,0,0.0
,0,0.0
,0,0.0
,0,0.0
,0,0.0
,0,0.0
,0,0.0
,0,0.0
,0,0.0
,0,0.0
,0,0.0
,0,0.0
,0,0.0
,0,0.0
,0,0.0
,0,0.0
,0,0.0
,0,0.0
,0,0.0
,0,0.0
,0,0.0
,0,0.0
,0,0.0
,0,0.0
,0,0.0
,0,0.0
,0,0.0
,0,0.0
,0,0.0
,0,0.0
,0,0.0
,0,0.0
,0,0.0
,0,0.0
,0,0.0
,0,0.0
,0,0.0
,0,0.0
,0,0.0
,0,0.0
,0,0.0
,0,0.0
,0,0.0
,0,0.0
,0,0.0
,0,0.0
,0,0.0
,0,0.0
,0,0.0
,0,0.0
,0,0.0
,0,0.0
,0,0.0
,0,0.0
,0,0.0
,0,0.0
,0,0.0
,0,0.0
,0,0.0
,0,0.0
,0,0.0
,0,0.0
,0,0.0
,0,0.0
,0,0.0
,0,0.0
,0,0.0
,0,0.0
,0,0.0
,0,0.0
,0,0.0
,0,0.0
,0,0.0
,0,0.0
,0,0.0
,0,0.0
,0,0.0
,0,0.0
,0,0.0
,0,0.0
,0,0.0
,0,0.0
,0,0.0
,0,0.0
,0,0.0
,0,0.0
,0,0.0
,0,0.0
,0,0.0
,0,0.0
,0,0.0
,0,0.0
,0,0.0
,0,0.0
,0,0.0
,0,0.0
,0,0.0
,0,0.0
,0,0.0
,0,0.0
,0,0.0
,0,0.0
,0,0.0
,0,0.0
,0,0.0
,0,0.0
,0,0.0
,0,0.0
,0,0.0
,0,0.0
,0,0.0
,0,0.0
,0,0.0
,0,0.0
,0,0.0
,0,0.0
,0,0.0
,0,0.0
,0,0.0
,0,0.0
,0,0.0
,0,0.0
,0,0.0
,0,0.0
,0,0.0
,0,0.0
,0,0.0
,0,0.0
,0,0.0
,0,0.0
,0,0.0
,0,0.0
,0,0.0
,0,0.0
,0,0.0
,0,0.0
,0,0.0
,0,0.0
,0,0.0
,0,0.0
,0,0.0
,0,0.0
,0,0.0
,0,0.0
,0,0.0
,0,0.0
,0,0.0
,0,0.0
,0,0.0
,0,0.0
,0,0.0
,0,0.0
,0,0.0
,0,0.0
,0,0.0
,0,0.0
,0,0.0
,0,0.0
,0,0.0
,0,0.0
,0,0.0
,0,0.0
,0,0.0
,0,0.0
,0,0.0
,0,0.0
,0,0.0
,0,0.0
,0,0.0
,0,0.0
,0,0.0
,0,0.0
,0,0.0
,0,0.0
,0,0.0
,0,0.0
,0,0.0
,0,0.0
,0,0.0
,0,0.0
,0,0.0
,0,0.0
,0,0.0
,0,0.0
,0,0.0
,0,0.0
,0,0.0
,0,0.0
,0,0.0
,0,0.0
,0,0.0
,0,0.0
,0,0.0
,0,0.0
,0,0.0
,0,0.0
,0,0.0
,0,0.0
,0,0.0
,0,0.0
,0,0.0
,0,0.0
,0,0.0
,0,0.0
,0,0.0
,0,0.0
,0,0.0
,0,0.0
,0,0.0
,0,0.0
,0,0.0
,0,0.0
,0,0.0
,0,0.0
,0,0.0
,0,0.0
258.5175153046722,0,0.5454545454545454
267.0018942341358,0,0.2727272727272727
,0,0.0
,0,0.0
,0,0.0
,0,0.0
,0,0.0
,0,0.0
,0,0.0
,0,0.0
,0,0.0
,0,0.0
,0,0.0
,0,0.0
,0,0.0
,0,0.0
,0,0.0
,0,0.0
,0,0.0
,0,0.0
,0,0.0
,0,0.0
,0,0.0
,0,0.0
,0,0.0
,0,0.0
,0,0.0
,0,0.0
,0,0.0
,0,0.0
,0,0.0
,0,0.0
,0,0.0
,0,0.0
,0,0.0
,0,0.0
,0,0.0
,0,0.0
,0,0.0
,0,0.0
,0,0.0
,0,0.0
,0,0.0
,0,0.0
,0,0.0
,0,0.0
,0,0.0
,0,0.0
,0,0.0
,0,0.0
,0,0.0
,0,0.0
,0,0.0
,0,0.0
,0,0.0
,0,0.0
,0,0.0
,0,0.0
,0,0.0
,0,0.0
,0,0.0
,0,0.0
,0,0.0
,0,0.0
,0,0.0
,0,0.0
,0,0.0
,0,0.0
,0,0.0
,0,0.0
,0,0.0
,0,0.0
,0,0.0
,0,0.0
,0,0.0
,0,0.0
,0,0.0
,0,0.0
,0,0.0
,0,0.0
,0,0.0
,0,0.0
,0,0.0
,0,0.0
,0,0.0
,0,0.0
,0,0.0
,0,0.0
,0,0.0
,0,0.0
,0,0.0
,0,0.0
,0,0.0
,0,0.0
,0,0.0
,0,0.0
,0,0.0
,0,0.0
,0,0.0
,0,0.0
,0,0.0
,0,0.0
,0,0.0
,0,0.0
,0,0.0
,0,0.0
,0,0.0
,0,0.0
,0,0.0
,0,0.0
,0,0.0
,0,0.0
,0,0.0
,0,0.0
,0,0.0
,0,0.0
,0,0.0
,0,0.0
,0,0.0
,0,0.0
,0,0.0
,0,0.0
,0,0.0
,0,0.0
,0,0.0
,0,0.0
,0,0.0
,0,0.0
,0,0.0
,0,0.0
,0,0.0
,0,0.0
,0,0.0
,0,0.0
,0,0.0
,0,0.0
,0,0.0
,0,0.0
,0,0.0
,0,0.0
,0,0.0
,0,0.0
,0,0.0
,0,0.0
,0,0.0
,0,0.0
,0,0.0
,0,0.0
,0,0.0
,0,0.0
,0,0.0
,0,0.0
,0,0.0
,0,0.0
,0,0.0
,0,0.0
,0,0.0
,0,0.0
,0,0.0
,0,0.0
,0,0.0
,0,0.0
,0,0.0
,0,0.0
,0,0.0
,0,0.0
,0,0.0
,0,0.0
,0,0.0
,0,0.0
,0,0.0
,0,0.0
,0,0.0
,0,0.0
,0,0.0
,0,0.0
,0,0.0
,0,0.0
,0,0.0
,0,0.0
,0,0.0
,0,0.0
,0,0.0
,0,0.0
,0,0.0
,0,0.0
,0,0.0
,0,0.0
,0,0.0
,0,0.0
,0,0.0
,0,0.0
,0,0.0
,0,0.0
,0,0.0
,0,0.0
,0,0.0
,0,0.0
,0,0.0
,0,0.0
,0,0.0
,0,0.0
,0,0.0
,0,0.0
,0,0.0
,0,0.0
,0,0.0
,0,0.0
,0,0.0
,0,0.0
,0,0.0
,0,0.0
,0,0.0
,0,0.0
,0,0.0
,0,0.0
,0,0.0
,0,0.0
,0,0.0
,0,0.0
,0,0.0
,0,0.0
,0,0.0
,0,0.0
,0,0.0
,0,0.0
,0,0.0
,0,0.0
,0,0.0
,0,0.0
,0,0.0
,0,0.0
,0,0.0
,0,0.0
,0,0.0
,0,0.0
,0,0.0
,0,0.0
,0,0.0
,0,0.0
,0,0.0
,0,0.0
,0,0.0
,0,0.0
,0,0.0
,0,0.0
,0,0.0
,0,0.0
,0,0.0
,0,0.0
,0,0.0
,0,0.0
,0,0.0
,0,0.0
,0,0.0
,0,0.0
,0,0.0
,0,0.0
,0,0.0
,0,0.0
,0,0.0
,0,0.0
,0,0.0
,0,0.0
,0,0.0
,0,0.0
,0,0.0
,0,0.0
,0,0.0
,0,0.0
,0,0.0
,0,0.0
,0,0.0
,0,0.0
,0,0.0
,0,0.0
,0,0.0
,0,0.0
,0,0.0
,0,0.0
,0,0.0
,0,0.0
,0,0.0
,0,0.0
,0,0.0
,0,0.0
,0,0.0
,0,0.0
,0,0.0
,0,0.0
,0,0.0
,0,0.0
,0,0.0
,0,0.0
,0,0.0
,0,0.0
,0,0.0
,0,0.0
,0,0.0
,0,0.0
,0,0.0
,0,0.0
,0,0.0
,0,0.0
,0,0.0
,0,0.0
,0,0.0
,0,0.0
,0,0.0
,0,0.0
,0,0.0
,0,0.0
,0,0.0
,0,0.0
,0,0.0
,0,0.0
,0,0.0
,0,0.0
,0,0.0
,0,0.0
,0,0.0
,0,0.0
,0,0.0
,0,0.0
,0,0.0
,0,0.0
,0,0.0
,0,0.0
,0,0.0
,0,0.0
,0,0.0
,0,0.0
,0,0.0
,0,0.0
,0,0.0
,0,0.0
,0,0.0
,0,0.0
,0,0.0
,0,0.0
,0,0.0
,0,0.0
,0,0.0
,0,0.0
,0,0.0
,0,0.0
,0,0.0
,0,0.0
,0,0.0
,0,0.0
,0,0.0
,0,0.0
,0,0.0
,0,0.0
,0,0.0
,0,0.0
,0,0.0
,0,0.0
,0,0.0
,0,0.0
,0,0.0
,0,0.0
,0,0.0
,0,0.0
,0,0.0
,0,0.0
,0,0.0
,0,0.0
,0,0.0
,0,0.0
,0,0.0
,0,0.0
,0,0.0
,0,0.0
,0,0.0
,0,0.0
,0,0.0
,0,0.0
,0,0.0
,0,0.0
,0,0.0
,0,0.0
,0,0.0
,0,0.0
,0,0.0
,0,0.0
,0,0.0
,0,0.0
,0,0.0
,0,0.0
,0,0.0
,0,0.0
,0,0.0
,0,0.0
,0,0.0
,0,0.0
,0,0.0
,0,0.0
,0,0.0
,0,0.0
,0,0.0
,0,0.0
,0,0.0
,0,0.0
,0,0.0
,0,0.0
,0,0.0
,0,0.0
,0,0.0
,0,0.0
,0,0.0
,0,0.0
,0,0.0
,0,0.0
,0,0.0
,0,0.0
,0,0.0
,0,0.0
,0,0.0
,0,0.0
,0,0.0
,0,0.0
,0,0.0
,0,0.0
,0,0.0
,0,0.0
,0,0.0
,0,0.0
,0,0.0
,0,0.0
,0,0.0
,0,0.0
,0,0.0
,0,0.0
,0,0.0
,0,0.0
,0,0.0
,0,0.0
,0,0.0
,0,0.0
,0,0.0
,0,0.0
,0,0.0
,0,0.0
,0,0.0
,0,0.0
,0,0.0
,0,0.0
,0,0.0
,0,0.0
,0,0.0
,0,0.0
,0,0.0
,0,0.0
,0,0.0
,0,0.0
,0,0.0
,0,0.0
,0,0.0
,0,0.0
,0,0.0
,0,0.0
,0,0.0
,0,0.0
,0,0.0
,0,0.0
,0,0.0
,0,0.0
,0,0.0
,0,0.0
,0,0.0
,0,0.0
,0,0.0
,0,0.0
,0,0.0
,0,0.0
,0,0.0
,0,0.0
,0,0.0
,0,0.0
,0,0.0
,0,0.0
,0,0.0
,0,0.0
,0,0.0
,0,0.0
,0,0.0
,0,0.0
,0,0.0
,0,0.0
,0,0.0
,0,0.0
,0,0.0
,0,0.0
,0,0.0
,0,0.0
,0,0.0
,0,0.0
,0,0.0
,0,0.0
,0,0.0
,0,0.0
,0,0.0
,0,0.0
,0,0.0
,0,0.0
,0,0.0
,0,0.0
,0,0.0
,0,0.0
,0,0.0
,0,0.0
,0,0.0
,0,0.0
,0,0.0
,0,0.0
,0,0.0
,0,0.0
,0,0.0
,0,0.0
,0,0.0
,0,0.0
,0,0.0
,0,0.0
,0,0.0
,0,0.0
,0,0.0
,0,0.0
,0,0.0
,0,0.0
,0,0.0
,0,0.0
,0,0.0
,0,0.0
,0,0.0
,0,0.0
,0,0.0
,0,0.0
,0,0.0
,0,0.0
,0,0.0
,0,0.0
,0,0.0
,0,0.0
,0,0.0
,0,0.0
,0,0.0
,0,0.0
,0,0.0
,0,0.0
,0,0.0
,0,0.0
,0,0.0
,0,0.0
,0,0.0
,0,0.0
,0,0.0
,0,0.0
,0,0.0
,0,0.0
,0,0.0
,0,0.0
,0,0.0
,0,0.0
,0,0.0
,0,0.0
,0,0.0
,0,0.0
,0,0.0
,0,0.0
,0,0.0
,0,0.0
,0,0.0
,0,0.0
,0,0.0
,0,0.0
,0,0.0
,0,0.0
,0,0.0
,0,0.0
,0,0.0
,0,0.0
,0,0.0
,0,0.0
,0,0.0
,0,0.0
,0,0.0
,0,0.0
,0,0.0
,0,0.0
,0,0.0
,0,0.0
,0,0.0
,0,0.0
,0,0.0
,0,0.0
,0,0.0
,0,0.0
,0,0.0
,0,0.0
,0,0.0
,0,0.0
,0,0.0
,0,0.0
,0,0.0
,0,0.0
,0,0.0
,0,0.0
,0,0.0
,0,0.0
,0,0.0
,0,0.0
,0,0.0
,0,0.0
,0,0.0
,0,0.0
,0,0.0
,0,0.0
,0,0.0
,0,0.0
,0,0.0
,0,0.0
,0,0.0
,0,0.0
,0,0.0
,0,0.0
,0,0.0
,0,0.0
,0,0.0
,0,0.0
,0,0.0
,0,0.0
,0,0.0
,0,0.0
,0,0.0
,0,0.0
,0,0.0
,0,0.0
,0,0.0
,0,0.0
,0,0.0
,0,0.0
,0,0.0
,0,0.0
,0,0.0
,0,0.0
,0,0.0
,0,0.0
,0,0.0
,0,0.0
,0,0.0
,0,0.0
,0,0.0
,0,0.0
,0,0.0
,0,0.0
,0,0.0
,0,0.0
,0,0.0
,0,0.0
,0,0.0
,0,0.0
,0,0.0
,0,0.0
,0,0.0
,0,0.0
,0,0.0
,0,0.0
,0,0.0
,0,0.0
,0,0.0
,0,0.0
,0,0.0
,0,0.0
,0,0.0
,0,0.0
,0,0.0
,0,0.0
,0,0.0
,0,0.0
,0,0.0
,0,0.0
,0,0.0
,0,0.0
,0,0.0
,0,0.0
,0,0.0
,0,0.0
,0,0.0
,0,0.0
,0,0.0
,0,0.0
,0,0.0
,0,0.0
,0,0.0
,0,0.0
,0,0.0
,0,0.0
,0,0.0
,0,0.0
,0,0.0
,0,0.0
,0,0.0
,0,0.0
,0,0.0
,0,0.0
,0,0.0
,0,0.0
,0,0.0
,0,0.0
,0,0.0
,0,0.0
,0,0.0
,0,0.0
,0,0.0
,0,0.0
,0,0.0
,0,0.0
,0,0.0
,0,0.0
,0,0.0
,0,0.0
,0,0.0
,0,0.0
,0,0.0
,0,0.0
,0,0.0
,0,0.0
,0,0.0
,0,0.0
,0,0.0
,0,0.0
,0,0.0
,0,0.0
,0,0.0
,0,0.0
,0,0.0
,0,0.0
,0,0.0
,0,0.0
,0,0.0
,0,0.0
,0,0.0
,0,0.0
,0,0.0
,0,0.0
,0,0.0
,0,0.0
,0,0.0
,0,0.0
,0,0.0
,0,0.0
,0,0.0
,0,0.0
,0,0.0
,0,0.0
,0,0.0
,0,0.0
,0,0.0
,0,0.0
,0,0.0
,0,0.0
,0,0.0
,0,0.0
,0,0.0
,0,0.0
,0,0.0
,0,0.0
,0,0.0
,0,0.0
,0,0.0
,0,0.0
,0,0.0
,0,0.0
,0,0.0
,0,0.0
,0,0.0
,0,0.0
,0,0.0
,0,0.0
,0,0.0
,0,0.0
,0,0.0
,0,0.0
,0,0.0
,0,0.0
,0,0.0
,0,0.0
,0,0.0
,0,0.0
,0,0.0
,0,0.0
,0,0.0
,0,0.0
,0,0.0
,0,0.0
,0,0.0
,0,0.0
,0,0.0
,0,0.0
,0,0.0
,0,0.0
,0,0.0
,0,0.0
,0,0.0
,0,0.0
,0,0.0
,0,0.0
,0,0.0
,0,0.0
,0,0.0
,0,0.0
,0,0.0
,0,0.0
,0,0.0
,0,0.0
,0,0.0
,0,0.0
,0,0.0
,0,0.0
,0,0.0
,0,0.0
,0,0.0
,0,0.0
,0,0.0
,0,0.0
,0,0.0
,0,0.0
,0,0.0
,0,0.0
,0,0.0
,0,0.0
,0,0.0
,0,0.0
,0,0.0
,0,0.0
,0,0.0
,0,0.0
,0,0.0
,0,0.0
,0,0.0
,0,0.0
,0,0.0
,0,0.0
,0,0.0
,0,0.0
,0,0.0
,0,0.0
,0,0.0
,0,0.0
,0,0.0
,0,0.0
,0,0.0
,0,0.0
,0,0.0
,0,0.0
,0,0.0
,0,0.0
,0,0.0
,0,0.0
,0,0.0
,0,0.0
,0,0.0
,0,0.0
,0,0.0
,0,0.0
,0,0.0
,0,0.0
,0,0.0
,0,0.0
,0,0.0
,0,0.0
,0,0.0
,0,0.0
,0,0.0
,0,0.0
,0,0.0
,0,0.0
,0,0.0
,0,0.0
,0,0.0
,0,0.0
,0,0.0
,0,0.0
,0,0.0
,0,0.0
,0,0.0
,0,0.0
,0,0.0
,0,0.0
,0,0.0
,0,0.0
,0,0.0
,0,0.0
,0,0.0
,0,0.0
,0,0.0
,0,0.0
,0,0.0
,0,0.0
,0,0.0
,0,0.0
,0,0.0
,0,0.0
,0,0.0
,0,0.0
,0,0.0
,0,0.0
,0,0.0
,0,0.0
,0,0.0
,0,0.0
,0,0.0
,0,0.0
,0,0.0
,0,0.0
,0,0.0
,0,0.0
,0,0.0
,0,0.0
,0,0.0
,0,0.0
,0,0.0
,0,0.0
,0,0.0
,0,0.0
,0,0.0
,0,0.0
,0,0.0
,0,0.0
,0,0.0
,0,0.0
,0,0.0
,0,0.0
,0,0.0
,0,0.0
,0,0.0
,0,0.0
,0,0.0
,0,0.0
,0,0.0
,0,0.0
,0,0.0
,0,0.0
,0,0.0
,0,0.0
,0,0.0
,0,0.0
,0,0.0
,0,0.0
,0,0.0
,0,0.0
,0,0.0
,0,0.0
,0,0.0
,0,0.0
,0,0.0
,0,0.0
,0,0.0
,0,0.0
,0,0.0
,0,0.0
,0,0.0
,0,0.0
,0,0.0
,0,0.0
,0,0.0
,0,0.0
,0,0.0
,0,0.0
,0,0.0
,0,0.0
,0,0.0
,0,0.0
,0,0.0
,0,0.0
,0,0.0
,0,0.0
,0,0.0
,0,0.0
,0,0.0
,0,0.0
,0,0.0
,0,0.0
,0,0.0
,0,0.0
,0,0.0
,0,0.0
,0,0.0
,0,0.0
,0,0.0
,0,0.0
,0,0.0
,0,0.0
,0,0.0
,0,0.0
,0,0.0
,0,0.0
,0,0.0
,0,0.0
,0,0.0
,0,0.0
,0,0.0
,0,0.0
,0,0.0
,0,0.0
,0,0.0
,0,0.0
,0,0.0
,0,0.0
,0,0.0
,0,0.0
,0,0.0
,0,0.0
,0,0.0
,0,0.0
,0,0.0
,0,0.0
,0,0.0
,0,0.0
,0,0.0
,0,0.0
,0,0.0
,0,0.0
,0,0.0
,0,0.0
,0,0.0
,0,0.0
,0,0.0
,0,0.0
,0,0.0
,0,0.0
,0,0.0
,0,0.0
,0,0.0
,0,0.0
,0,0.0
,0,0.0
,0,0.0
,0,0.0
,0,0.0
,0,0.0
,0,0.0
,0,0.0
,0,0.0
,0,0.0
,0,0.0
,0,0.0
,0,0.0
,0,0.0
,0,0.0
,0,0.0
,0,0.0
,0,0.0
,0,0.0
,0,0.0
,0,0.0
,0,0.0
,0,0.0
,0,0.0
,0,0.0
,0,0.0
,0,0.0
,0,0.0
,0,0.0
,0,0.0
,0,0.0
,0,0.0
,0,0.0
,0,0.0
,0,0.0
,0,0.0
,0,0.0
,0,0.0
,0,0.0
,0,0.0
,0,0.0
,0,0.0
,0,0.0
,0,0.0
,0,0.0
,0,0.0
,0,0.0
,0,0.0
,0,0.0
,0,0.0
,0,0.0
,0,0.0
,0,0.0
,0,0.0
,0,0.0
,0,0.0
,0,0.0
,0,0.0
,0,0.0
,0,0.0
,0,0.0
,0,0.0
,0,0.0
,0,0.0
,0,0.0
,0,0.0
,0,0.0
,0,0.0
,0,0.0
,0,0.0
,0,0.0
,0,0.0
,0,0.0
,0,0.0
,0,0.0
,0,0.0
,0,0.0
,0,0.0
,0,0.0
,0,0.0
,0,0.0
,0,0.0
,0,0.0
,0,0.0
,0,0.0
,0,0.0
,0,0.0
,0,0.0
,0,0.0
,0,0.0
,0,0.0
,0,0.0
,0,0.0
,0,0.0
,0,0.0
,0,0.0
,0,0.0
,0,0.0
,0,0.0
,0,0.0
,0,0.0
,0,0.0
,0,0.0
,0,0.0
,0,0.0
,0,0.0
,0,0.0
,0,0.0
,0,0.0
,0,0.0
,0,0.0
,0,0.0
,0,0.0
,0,0.0
,0,0.0
,0,0.0
,0,0.0
,0,0.0
,0,0.0
,0,0.0
,0,0.0
,0,0.0
,0,0.0
,0,0.0
,0,0.0
,0,0.0
,0,0.0
,0,0.0
,0,0.0
,0,0.0
,0,0.0
,0,0.0
,0,0.0
,0,0.0
,0,0.0
,0,0.0
,0,0.0
,0,0.0
,0,0.0
,0,0.0
,0,0.0
,0,0.0
,0,0.0
,0,0.0
,0,0.0
,0,0.0
,0,0.0
,0,0.0
,0,0.0
,0,0.0
,0,0.0
,0,0.0
,0,0.0
,0,0.0
,0,0.0
,0,0.0
,0,0.0
,0,0.0
,0,0.0
,0,0.0
,0,0.0
,0,0.0
,0,0.0
,0,0.0
,0,0.0
,0,0.0
,0,0.0
,0,0.0
,0,0.0
,0,0.0
,0,0.0
,0,0.0
,0,0.0
,0,0.0
,0,0.0
,0,0.0
,0,0.0
,0,0.0
,0,0.0
,0,0.0
,0,0.0
,0,0.0
,0,0.0
,0,0.0
,0,0.0
,0,0.0
,0,0.0
,0,0.0
,0,0.0
,0,0.0
,0,0.0
,0,0.0
,0,0.0
,0,0.0
,0,0.0
,0,0.0
,0,0.0
,0,0.0
,0,0.0
,0,0.0
,0,0.0
,0,0.0
,0,0.0
,0,0.0
,0,0.0
,0,0.0
,0,0.0
,0,0.0
,0,0.0
,0,0.0
,0,0.0
,0,0.0
,0,0.0
,0,0.0
,0,0.0
,0,0.0
,0,0.0
,0,0.0
,0,0.0
,0,0.0
,0,0.0
,0,0.0
,0,0.0
,0,0.0
,0,0.0
,0,0.0
,0,0.0
,0,0.0
,0,0.0
,0,0.0
,0,0.0
,0,0.0
,0,0.0
,0,0.0
,0,0.0
,0,0.0
,0,0.0
,0,0.0
,0,0.0
,0,0.0
,0,0.0
,0,0.0
,0,0.0
,0,0.0
,0,0.0
,0,0.0
,0,0.0
,0,0.0
,0,0.0
,0,0.0
,0,0.0
,0,0.0
,0,0.0
,0,0.0
,0,0.0
,0,0.0
,0,0.0
,0,0.0
,0,0.0
,0,0.0
,0,0.0
,0,0.0
,0,0.0
,0,0.0
,0,0.0
,0,0.0
,0,0.0
,0,0.0
,0,0.0
,0,0.0
,0,0.0
,0,0.0
,0,0.0
,0,0.0
,0,0.0
,0,0.0
,0,0.0
,0,0.0
,0,0.0
,0,0.0
,0,0.0
,0,0.0
,0,0.0
,0,0.0
,0,0.0
,0,0.0
,0,0.0
,0,0.0
,0,0.0
,0,0.0
,0,0.0
,0,0.0
,0,0.0
,0,0.0
,0,0.0
,0,0.0
,0,0.0
,0,0.0
,0,0.0
,0,0.0
,0,0.0
,0,0.0
,0,0.0
,0,0.0
,0,0.0
,0,0.0
,0,0.0
,0,0.0
,0,0.0
,0,0.0
,0,0.0
,0,0.0
,0,0.0
,0,0.0
,0,0.0
,0,0.0
,0,0.0
,0,0.0
,0,0.0
,0,0.0
,0,0.0
,0,0.0
,0,0.0
,0,0.0
,0,0.0
,0,0.0
,0,0.0
,0,0.0
,0,0.0
,0,0.0
,0,0.0
,0,0.0
,0,0.0
,0,0.0
,0,0.0
,0,0.0
,0,0.0
,0,0.0
,0,0.0
,0,0.0
,0,0.0
,0,0.0
,0,0.0
,0,0.0
,0,0.0
,0,0.0
,0,0.0
,0,0.0
,0,0.0
,0,0.0
,0,0.0
,0,0.0
,0,0.0
,0,0.0
,0,0.0
,0,0.0
,0,0.0
,0,0.0
,0,0.0
,0,0.0
,0,0.0
,0,0.0
,0,0.0
,0,0.0
,0,0.0
,0,0.0
,0,0.0
,0,0.0
,0,0.0
,0,0.0
,0,0.0
,0,0.0
,0,0.0
,0,0.0
,0,0.0
,0,0.0
,0,0.0
,0,0.0
,0,0.0
,0,0.0
,0,0.0
,0,0.0
,0,0.0
,0,0.0
,0,0.0
,0,0.0
,0,0.0
,0,0.0
,0,0.0
,0,0.0
,0,0.0
,0,0.0
,0,0.0
,0,0.0
,0,0.0
,0,0.0
,0,0.0
,0,0.0
,0,0.0
,0,0.0
,0,0.0
,0,0.0
,0,0.0
,0,0.0
,0,0.0
,0,0.0
,0,0.0
,0,0.0
,0,0.0
,0,0.0
,0,0.0
,0,0.0
,0,0.0
,0,0.0
,0,0.0
,0,0.0
,0,0.0
,0,0.0
,0,0.0
,0,0.0
,0,0.0
,0,0.0
,0,0.0
,0,0.0
,0,0.0
,0,0.0
,0,0.0
,0,0.0
,0,0.0
,0,0.0
,0,0.0
,0,0.0
,0,0.0
,0,0.0
,0,0.0
,0,0.0
,0,0.0
,0,0.0
,0,0.0
,0,0.0
,0,0.0
,0,0.0
,0,0.0
,0,0.0
,0,0.0
,0,0.0
,0,0.0
,0,0.0
,0,0.0
,0,0.0
,0,0.0
,0,0.0
,0,0.0
,0,0.0
,0,0.0
,0,0.0
,0,0.0
,0,0.0
,0,0.0
,0,0.0
,0,0.0
,0,0.0
,0,0.0
,0,0.0
,0,0.0
,0,0.0
,0,0.0
,0,0.0
,0,0.0
,0,0.0
,0,0.0
,0,0.0
,0,0.0
,0,0.0
,0,0.0
,0,0.0
,0,0.0
,0,0.0
,0,0.0
,0,0.0
,0,0.0
,0,0.0
,0,0.0
,0,0.0
,0,0.0
,0,0.0
,0,0.0
,0,0.0
,0,0.0
,0,0.0
,0,0.0
,0,0.0
,0,0.0
,0,0.0
,0,0.0
,0,0.0
,0,0.0
,0,0.0
,0,0.0
,0,0.0
,0,0.0
,0,0.0
,0,0.0
,0,0.0
,0,0.0
,0,0.0
,0,0.0
,0,0.0
,0,0.0
,0,0.0
,0,0.0
,0,0.0
,0,0.0
,0,0.0
,0,0.0
,0,0.0
,0,0.0
,0,0.0
,0,0.0
,0,0.0
,0,0.0
,0,0.0
,0,0.0
,0,0.0
,0,0.0
,0,0.0
,0,0.0
,0,0.0
,0,0.0
,0,0.0
,0,0.0
,0,0.0
,0,0.0
,0,0.0
,0,0.0
,0,0.0
,0,0.0
,0,0.0
,0,0.0
,0,0.0
,0,0.0
,0,0.0
,0,0.0
,0,0.0
,0,0.0
,0,0.0
,0,0.0
,0,0.0
,0,0.0
,0,0.0
,0,0.0
,0,0.0
,0,0.0
,0,0.0
,0,0.0
,0,0.0
,0,0.0
,0,0.0
,0,0.0
,0,0.0
,0,0.0
,0,0.0
,0,0.0
,0,0.0
,0,0.0
,0,0.0
,0,0.0
,0,0.0
,0,0.0
,0,0.0
,0,0.0
,0,0.0
,0,0.0
,0,0.0
,0,0.0
,0,0.0
,0,0.0
,0,0.0
,0,0.0
,0,0.0
,0,0.0
,0,0.0
,0,0.0
,0,0.0
,0,0.0
,0,0.0
,0,0.0
,0,0.0
,0,0.0
,0,0.0
,0,0.0
,0,0.0
,0,0.0
,0,0.0
,0,0.0
,0,0.0
,0,0.0
,0,0.0
,0,0.0
,0,0.0
,0,0.0
,0,0.0
,0,0.0
,0,0.0
,0,0.0
,0,0.0
,0,0.0
,0,0.0
,0,0.0
513.4259485021834,0,0.0
512.6536387315894,0,0.0
514.5138689784128,0,0.0
511.6448237055703,0,0.0
513.8579771032114,0,0.0
512.5667787752366,0,0.0
513.9638900385993,0,0.0
513.2831563049384,0,0.0
512.9170456967223,0,0.0
513.8120450434603,0,0.0
512.8758942427753,0,0.0
513.8922925226657,0,0.0
512.899247330867,0,0.0
514.047558358787,0,0.0
513.628653623183,0,0.0
,0,0.0
,0,0.0
,0,0.0
,0,0.0
,0,0.0
,0,0.0
,0,0.0
,0,0.0
,0,0.0
,0,0.0
,0,0.0
,0,0.0
,0,0.0
,0,0.0
,0,0.0
512.3236365407307,0,0.0
512.419603369127,0,0.0
512.5999348827137,0,0.0
512.2325847681633,0,0.0
512.8630296501705,0,0.0
512.5217873948476,0,0.0
513.3310835370561,0,0.0
512.9379807872383,0,0.0
512.0044092635989,0,0.0
513.4252227560991,0,0.0
512.8060955986974,0,0.0
513.0116040187788,0,0.0
512.4316555606864,0,0.0
515.4924395885085,0,0.0
512.2387269277095,0,0.0
511.80992320694247,0,0.0
,0,0.0
,0,0.0
,0,0.0
,0,0.0
,0,0.0
,0,0.0
,0,0.0
,0,0.0
512.5034138205164,0,0.0
512.7521010936501,0,0.0
514.3993201283556,0,0.0
512.8361715997564,0,0.0
511.14723158312273,0,0.0
,0,0.0
,0,0.0
,0,0.0
,0,0.0
,0,0.0
,0,0.0
,0,0.0
,0,0.0
,0,0.0
,0,0.0
,0,0.0
,0,0.0
,0,0.0
,0,0.0
,0,0.0
266.4713199449157,0,0.0
262.1862531409171,0,0.0
264.94204787434006,0,0.0
,0,0.0
,0,0.0
275.80811458885506,0,0.0
268.1596983488543,0,0.0
275.5186096878088,0,0.0
,0,0.0
,0,0.0
,0,0.0
,0,0.0
421.85376843743086,0,0.0
428.81172513945364,0,0.0
425.7151497776168,0,0.0
411.14503875329575,0,0.0
,0,0.0
,0,0.0
,0,0.0
421.6893086962626,0,0.0
429.2874320174374,0,0.0
447.2339817050579,0,0.0
471.2990942370233,0,0.0
506.7795335953153,0,0.0
551.6229218590688,0,0.0
534.4406133693527,0,0.0
475.74717223824024,0,0.0
,0,0.0
,0,0.0
,0,0.0
,0,0.0
,0,0.0
,0,0.0
,0,0.0
398.5110210958548,0,0.0
,0,0.0
,0,0.0
,0,0.0
,0,0.0
,0,0.0
,0,0.0
,0,0.0
,0,0.0
,0,0.0
,0,0.0
,0,0.0
,0,0.0
,0,0.0
,0,0.0
,0,0.0
,0,0.0
,0,0.0
,0,0.0
,0,0.0
,0,0.0
,0,0.0
,0,0.0
,0,0.0
,0,0.0
257.8370085345262,0,0.0
267.0162100381844,0,0.0
272.0000984142475,0,0.0
257.98313640057506,0,0.0
,0,0.0
,0,0.0
