pitch,baby,mom
,0,0.0
,0,0.0
,0,0.0
,0,0.0
,0,0.0
,0,0.0
268.38670393032174,0,0.0
254.0224642213277,0,0.0
267.1721188694526,0,0.0
,0,0.0
,0,0.0
,0,0.0
,0,0.0
,0,0.0
,0,0.0
,0,0.0
,0,0.0
,0,0.0
,0,0.0
,0,0.0
,0,0.0
,0,0.0
,0,0.0
,0,0.0
,0,0.0
,0,0.0
,0,0.0
,0,0.0
,0,0.0
,0,0.0
,0,0.0
,0,0.0
,0,0.0
,0,0.0
,0,0.0
,0,0.0
,0,0.0
,0,0.0
,0,0.0
,0,0.0
,0,0.0
,0,0.0
193.5012805584732,0,0.0
,0,0.0
,0,0.0
282.24051267840434,0,0.0
289.37958501249057,0,0.0
,0,0.0
,0,0.0
,0,0.0
,0,0.0
,0,0.0
186.86043868981903,0,0.0
184.04679957119694,0,0.0
157.8285424414455,0,0.0
150.25870268854547,0,0.0
146.3703643937749,0,0.0
141.43737542284745,0,0.0
140.30074710977678,0,0.0
140.23476551036924,0,0.0
133.37941751194234,0,0.0
139.55580488779012,0,0.0
137.97412058442526,0,0.0
144.4658332049744,0,0.0
84.36514392642947,0,0.0
85.48751741317098,0,0.0
167.16015253057287,0,0.0
156.54478000627475,0,0.0
159.67972001496466,0,0.0
,0,0.0
160.13100692586852,0,0.0
159.58467657406774,0,0.0
157.15584166844388,0,0.0
152.70263726993613,0,0.0
152.20146236745285,0,0.0
150.34850545370858,0,0.0
146.27808585001566,0,0.0
,0,0.0
256.6633376672358,0,0.0
275.0719513650002,0,0.0
294.7086111870324,0,0.0
290.3789282061459,0,0.0
,0,0.0
,0,0.0
,0,0.0
,0,0.0
,0,0.0
,0,0.0
,0,0.0
,0,0.0
,0,0.0
,0,0.0
,0,0.0
,0,0.0
,0,0.0
,0,0.0
,0,0.0
,0,0.0
,0,0.0
,0,0.0
,0,0.0
,0,0.0
,0,0.0
,0,0.0
,0,0.0
,0,0.0
,0,0.0
,0,0.0
,0,0.0
,0,0.0
,0,0.0
,0,0.0
112.21394381481036,0,0.0
114.97370606119182,0,0.0
117.21793822986996,0,0.0
114.65300993258035,0,0.0
,0,0.0
205.04537714897052,0,0.0
200.1048788377125,0,0.0
,0,0.0
,0,0.0
,0,0.0
232.457624375537,0,0.0
229.35232176998937,0,0.0
222.15132988795975,0,0.0
219.49523476601038,0,0.0
222.1230758623981,0,0.0
224.7220457174394,0,0.0
255.32257419259076,0,0.0
261.96761498253954,0,0.0
276.03379912429,0,0.0
383.46753042495635,0,0.0
400.3729126187281,0,0.0
397.7140598083792,0,0.0
,0,0.0
,0,0.0
,0,0.0
,0,0.0
,0,0.0
,0,0.0
,0,0.0
,0,0.0
,0,0.0
,0,0.0
,0,0.0
,0,0.0
,0,0.0
,0,0.0
,0,0.0
,0,0.0
,0,0.0
,0,0.0
,0,0.0
,0,0.0
,0,0.0
,0,0.0
,0,0.0
,0,0.0
,0,0.0
,0,0.0
,0,0.0
,0,0.0
,0,0.0
,0,0.0
,0,0.0
,0,0.0
,0,0.0
,0,0.0
,0,0.0
,0,0.0
,0,0.0
,0,0.0
,0,0.0
,0,0.0
236.54455076809472,0,0.0
239.5046326374871,0,0.0
244.30949152929992,0,0.0
261.0437173386898,0,0.0
,0,0.0
,0,0.0
,0,0.0
,0,0.0
,0,0.0
,0,0.0
,0,0.0
,0,0.0
,0,0.0
,0,0.0
,0,0.0
,0,0.0
,0,0.0
,0,0.0
,0,0.0
,0,0.0
,0,0.0
,0,0.0
,0,0.0
,0,0.0
,0,0.0
,0,0.0
141.4534290158951,0,0.0
143.6992320021984,0,0.0
145.33660608101374,0,0.0
145.2746645298886,0,0.0
,0,0.0
251.43979290704917,0,0.0
284.58858453920993,0,0.0
,0,0.0
256.5771301001268,0,0.0
262.2128252862618,0,0.0
257.96803538716966,0,0.0
254.44829105908107,0,0.0
,0,0.0
,0,0.0
,0,0.0
,0,0.0
,0,0.0
,0,0.0
,0,0.0
,0,0.0
,0,0.0
,0,0.0
,0,0.0
,0,0.0
,0,0.0
,0,0.0
,0,0.0
,0,0.0
,0,0.0
,0,0.0
,0,0.0
,0,0.0
,0,0.0
,0,0.0
,0,0.0
,0,0.0
,0,0.0
,0,0.0
150.92827088142477,0,0.0
153.36557410867482,0,0.0
,0,0.0
,0,0.0
,0,0.0
,0,0.0
,0,0.0
,0,0.0
,0,0.0
,0,0.0
,0,0.0
,0,0.0
,0,0.0
,0,0.0
,0,0.0
,0,0.0
,0,0.0
,0,0.0
,0,0.0
,0,0.0
,0,0.0
,0,0.0
,0,0.0
,0,0.0
,0,0.0
,0,0.0
,0,0.0
409.2660342780595,0,0.0
409.906528289659,0,0.0
410.38759373713907,0,0.0
409.79991304116885,0,0.0
410.134068576564,0,0.0
408.8491482115123,0,1.0
410.34629723449194,0,0.75
,0,0.0
,0,0.0
,0,0.0
,0,0.0
,0,0.0
,0,0.0
,0,0.0
,0,0.0
,0,0.0
,0,0.0
,0,0.0
,0,0.0
,0,0.0
,0,0.0
,0,0.0
,0,0.0
,0,0.0
,0,0.0
,0,0.0
186.63250960112936,0,0.6666666666666666
184.44980208544013,0,0.5
,0,0.0
,0,0.0
,0,0.0
,0,0.0
,0,0.0
,0,0.0
,0,0.0
,0,0.0
,0,0.0
,0,0.0
,0,0.0
439.4104305138565,0,0.25
451.937101229111,0,1.0
488.64166596088165,0,0.3333333333333333
,0,0.0
,0,0.0
,0,0.0
,0,0.0
,0,0.0
,0,0.0
,0,0.0
,0,0.0
,0,0.0
,0,0.0
,0,0.0
,0,0.0
,0,0.0
,0,0.0
,0,0.0
,0,0.0
,0,0.0
,0,0.0
,0,0.0
,0,0.0
,0,0.0
,0,0.0
,0,0.0
,0,0.0
,0,0.0
,0,0.0
,0,0.0
261.68769751497246,0,0.6666666666666666
256.7641948261873,0,1.0
258.50766747300634,0,0.75
,0,0.0
,0,0.0
,0,0.0
,0,0.0
,0,0.0
,0,0.0
,0,0.0
,0,0.0
,0,0.0
,0,0.0
,0,0.0
,0,0.0
,0,0.0
,0,0.0
,0,0.0
127.75743425851824,0,0.3333333333333333
129.47414791252345,0,1.0
123.7056756623843,0,1.0
130.52414597016076,0,1.0
,0,0.0
,0,0.0
,0,0.0
269.1261575469077,0,0.3333333333333333
266.0007984322682,0,1.0
266.2615538140247,0,1.0
266.25807837772544,0,1.0
264.6936305586632,0,0.25
,0,0.0
,0,0.0
,0,0.0
,0,0.0
,0,0.0
,0,0.0
,0,0.0
,0,0.0
,0,0.0
,0,0.0
,0,0.0
,0,0.0
,0,0.0
,0,0.0
,0,0.0
,0,0.0
,0,0.0
412.2652635485906,0,0.5
409.9678948580601,0,1.0
399.21384118889074,0,1.0
404.93140607546945,0,1.0
407.5746483930229,0,1.0
403.6181379251916,0,1.0
392.62614514617417,0,0.25
391.0918301283902,0,1.0
379.60853073641596,0,1.0
376.22222229261376,0,1.0
372.0781740849348,0,1.0
373.936867906119,0,1.0
377.0926755224274,0,1.0
386.02539370263156,0,1.0
390.79565951427327,0,1.0
384.4737946909237,0,1.0
382.7949189245982,0,1.0
375.4297992239802,0,1.0
380.1439904299959,0,0.5
,0,0.0
,0,0.0
448.11995760640997,0,0.5
471.3493638449483,0,1.0
380.0237866558641,0,0.6666666666666666
281.87245386665904,0,1.0
272.37944269007266,0,1.0
370.9976269209156,0,0.6666666666666666
413.0940556998977,0,1.0
377.4939654232171,0,0.6666666666666666
,0,0.0
,0,0.0
,0,0.0
,0,0.0
,0,0.0
,0,0.0
,0,0.0
,0,0.0
,0,0.0
,0,0.0
,0,0.0
,0,0.0
,0,0.0
,0,0.0
,0,0.0
,0,0.0
,0,0.0
,0,0.0
,0,0.0
342.518436384369,0,1.0
387.0162073289746,0,1.0
387.7398343723788,0,1.0
,0,0.0
,0,0.0
,0,0.0
,0,0.0
,0,0.0
,0,0.0
,0,0.0
,0,0.0
,0,0.0
,0,0.0
,0,0.0
,0,0.0
,0,0.0
286.96147918849164,0,1.0
280.00262184373537,0,1.0
284.3581381757819,0,1.0
286.45503184863725,0,1.0
292.9459981862137,0,1.0
294.445096093273,0,1.0
292.37730332218297,0,1.0
292.08654074202485,0,1.0
287.6565501224389,0,1.0
280.87636356217155,0,1.0
273.7421589316748,0,1.0
270.5057285420226,0,1.0
270.73102451819415,0,1.0
269.18846488242343,0,1.0
269.35852819542936,0,1.0
270.9663729797069,0,1.0
269.0603263258889,0,1.0
266.32082004214607,0,1.0
263.41867065175626,0,1.0
259.5414861645217,0,1.0
261.03860596056126,0,1.0
259.01382381921866,0,1.0
260.7036293360408,0,1.0
260.02454983155803,0,1.0
259.87751403545286,0,1.0
260.53338028627815,0,1.0
260.97831734587965,0,1.0
262.4428531958569,0,0.6666666666666666
,0,0.0
,0,0.0
,0,0.0
272.2695102916101,0,1.0
278.54025048703124,0,1.0
276.64794833359434,0,0.3333333333333333
,0,0.0
,0,0.0
,0,0.0
,0,0.0
,0,0.0
,0,0.0
,0,0.0
,0,0.0
,0,0.0
,0,0.0
,0,0.0
,0,0.0
,0,0.0
,0,0.0
,0,0.0
,0,0.0
,0,0.0
,0,0.0
,0,0.0
,0,0.0
,0,0.0
,0,0.0
,0,0.0
,0,0.0
,0,0.0
,0,0.0
,0,0.0
,0,0.0
,0,0.0
,0,0.0
,0,0.0
,0,0.0
,0,0.0
,0,0.0
,0,0.0
,0,0.0
,0,0.0
,0,0.0
,0,0.0
,0,0.0
,0,0.0
,0,0.0
,0,0.0
,0,0.0
,0,0.0
,0,0.0
,0,0.0
,0,0.0
,0,0.0
,0,0.0
,0,0.0
,0,0.0
,0,0.0
,0,0.0
,0,0.0
,0,0.0
,0,0.0
,0,0.0
,0,0.0
,0,0.0
,0,0.0
,0,0.0
,0,0.0
,0,0.0
,0,0.0
,0,0.0
,0,0.0
,0,0.0
,0,0.0
,0,0.0
,0,0.0
,0,0.0
,0,0.0
,0,0.0
,0,0.0
,0,0.0
,0,0.0
,0,0.0
,0,0.0
,0,0.0
,0,0.0
,0,0.0
,0,0.0
,0,0.0
,0,0.0
,0,0.0
,0,0.0
,0,0.0
,0,0.0
,0,0.0
,0,0.0
,0,0.0
,0,0.0
,0,0.0
,0,0.0
,0,0.0
,0,0.0
,0,0.0
,0,0.0
,0,0.0
,0,0.0
,0,0.0
,0,0.0
,0,0.0
,0,0.0
,0,0.0
,0,0.0
,0,0.0
,0,0.0
,0,0.0
,0,0.0
,0,0.0
,0,0.0
,0,0.0
,0,0.0
,0,0.0
,0,0.0
,0,0.0
,0,0.0
,0,0.0
,0,0.0
,0,0.0
,0,0.0
,0,0.0
,0,0.0
,0,0.0
,0,0.0
,0,0.0
,0,0.0
,0,0.0
,0,0.0
129.13021956811394,0,0.25
133.90790995850784,0,1.0
138.5841882179116,0,1.0
314.24820600409413,0,0.5
320.4157883219612,0,1.0
309.2394412047784,0,1.0
329.27541236826386,0,1.0
325.6352766041711,0,1.0
326.0205909676083,0,1.0
321.22430191530395,0,1.0
309.90873668069526,0,1.0
295.5343122673403,0,1.0
291.29811984086575,0,0.25
,0,0.0
,0,0.0
,0,0.0
,0,0.0
,0,0.0
,0,0.0
,0,0.0
,0,0.0
,0,0.0
,0,0.0
,0,0.0
,0,0.0
,0,0.0
,0,0.0
,0,0.0
,0,0.0
,0,0.0
,0,0.0
,0,0.0
,0,0.0
,0,0.0
,0,0.0
,0,0.0
,0,0.0
198.3201669439829,0,0.6666666666666666
221.4580126751527,0,0.5
,0,0.0
,0,0.0
,0,0.0
,0,0.0
,0,0.0
,0,0.0
,0,0.0
,0,0.0
,0,0.0
,0,0.0
,0,0.0
,0,0.0
,0,0.0
,0,0.0
,0,0.0
,0,0.0
,0,0.0
,0,0.0
,0,0.0
246.43739091812097,0,1.0
242.39182476530945,0,0.25
236.65443913980096,0,0.6666666666666666
235.4480541473263,0,1.0
227.92756762605006,0,1.0
226.45110628280665,0,1.0
218.39438647265015,0,1.0
225.42981113683396,0,1.0
231.66109000991656,0,0.6666666666666666
,0,0.0
,0,0.0
,0,0.0
,0,0.0
,0,0.0
,0,0.0
,0,0.0
,0,0.0
,0,0.0
,0,0.0
,0,0.0
,0,0.0
,0,0.0
,0,0.0
,0,0.0
,0,0.0
,0,0.0
,0,0.0
,0,0.0
,0,0.0
,0,0.0
,0,0.0
,0,0.0
,0,0.0
,0,0.0
,0,0.0
,0,0.0
,0,0.0
,0,0.0
,0,0.0
,0,0.0
,0,0.0
,0,0.0
,0,0.0
128.52032781262636,0,0.25
119.61940587816103,0,1.0
,0,0.0
,0,0.0
,0,0.0
,0,0.0
,0,0.0
,0,0.0
,0,0.0
,0,0.0
,0,0.0
,0,0.0
,0,0.0
,0,0.0
,0,0.0
,0,0.0
,0,0.0
,0,0.0
,0,0.0
,0,0.0
,0,0.0
,0,0.0
,0,0.0
,0,0.0
,0,0.0
,0,0.0
,0,0.0
,0,0.0
,0,0.0
,0,0.0
,0,0.0
,0,0.0
,0,0.0
,0,0.0
,0,0.0
,0,0.0
,0,0.0
,0,0.0
,0,0.0
,0,0.0
,0,0.0
,0,0.0
192.05345898049103,0,0.6666666666666666
190.67549280404117,0,0.3333333333333333
,0,0.0
,0,0.0
,0,0.0
,0,0.0
,0,0.0
,0,0.0
,0,0.0
,0,0.0
,0,0.0
,0,0.0
,0,0.0
,0,0.0
,0,0.0
,0,0.0
,0,0.0
,0,0.0
,0,0.0
,0,0.0
,0,0.0
,0,0.0
,0,0.0
,0,0.0
,0,0.0
,0,0.0
,0,0.0
,0,0.0
229.3223576147125,0,1.0
232.78723416208163,0,1.0
250.02342459335304,0,1.0
238.67244650235008,0,1.0
242.28925188944882,0,0.25
,0,0.0
,0,0.0
,0,0.0
,0,0.0
,0,0.0
,0,0.0
,0,0.0
,0,0.0
,0,0.0
,0,0.0
,0,0.0
,0,0.0
,0,0.0
,0,0.0
,0,0.0
,0,0.0
,0,0.0
,0,0.0
,0,0.0
,0,0.0
,0,0.0
,0,0.0
,0,0.0
,0,0.0
,0,0.0
,0,0.0
,0,0.0
,0,0.0
,0,0.0
,0,0.0
,0,0.0
,0,0.0
,0,0.0
,0,0.0
,0,0.0
,0,0.0
,0,0.0
,0,0.0
,0,0.0
,0,0.0
,0,0.0
,0,0.0
,0,0.0
,0,0.0
,0,0.0
,0,0.0
,0,0.0
,0,0.0
,0,0.0
,0,0.0
,0,0.0
,0,0.0
,0,0.0
,0,0.0
,0,0.0
,0,0.0
,0,0.0
,0,0.0
,0,0.0
,0,0.0
,0,0.0
,0,0.0
,0,0.0
,0,0.0
,0,0.0
,0,0.0
,0,0.0
,0,0.0
,0,0.0
,0,0.0
,0,0.0
,0,0.0
,0,0.0
,0,0.0
,0,0.0
,0,0.0
,0,0.0
,0,0.0
,0,0.0
,0,0.0
,0,0.0
,0,0.0
,0,0.0
,0,0.0
,0,0.0
,0,0.0
,0,0.0
,0,0.0
,0,0.0
,0,0.0
,0,0.0
,0,0.0
,0,0.0
,0,0.0
,0,0.0
,0,0.0
,0,0.0
,0,0.0
,0,0.0
,0,0.0
,0,0.0
,0,0.0
,0,0.0
,0,0.0
,0,0.0
,0,0.0
,0,0.0
,0,0.0
,0,0.0
,0,0.0
,0,0.0
,0,0.0
,0,0.0
,0,0.0
,0,0.0
,0,0.0
,0,0.0
,0,0.0
,0,0.0
,0,0.0
,0,0.0
,0,0.0
,0,0.0
,0,0.0
,0,0.0
,0,0.0
,0,0.0
,0,0.0
,0,0.0
,0,0.0
,0,0.0
,0,0.0
,0,0.0
,0,0.0
,0,0.0
,0,0.0
,0,0.0
,0,0.0
,0,0.0
,0,0.0
,0,0.0
,0,0.0
,0,0.0
,0,0.0
,0,0.0
,0,0.0
,0,0.0
,0,0.0
,0,0.0
,0,0.0
,0,0.0
,0,0.0
,0,0.0
,0,0.0
,0,0.0
,0,0.0
,0,0.0
,0,0.0
,0,0.0
,0,0.0
,0,0.0
,0,0.0
,0,0.0
,0,0.0
,0,0.0
,0,0.0
,0,0.0
,0,0.0
,0,0.0
,0,0.0
,0,0.0
,0,0.0
,0,0.0
,0,0.0
,0,0.0
,0,0.0
,0,0.0
,0,0.0
,0,0.0
,0,0.0
,0,0.0
,0,0.0
,0,0.0
,0,0.0
,0,0.0
,0,0.0
,0,0.0
,0,0.0
,0,0.0
,0,0.0
,0,0.0
,0,0.0
,0,0.0
,0,0.0
,0,0.0
,0,0.0
,0,0.0
,0,0.0
,0,0.0
,0,0.0
,0,0.0
,0,0.0
,0,0.0
,0,0.0
,0,0.0
,0,0.0
,0,0.0
,0,0.0
,0,0.0
,0,0.0
,0,0.0
,0,0.0
,0,0.0
,0,0.0
,0,0.0
,0,0.0
,0,0.0
,0,0.0
,0,0.0
,0,0.0
,0,0.0
,0,0.0
,0,0.0
,0,0.0
,0,0.0
,0,0.0
,0,0.0
,0,0.0
,0,0.0
,0,0.0
,0,0.0
,0,0.0
,0,0.0
,0,0.0
,0,0.0
,0,0.0
,0,0.0
,0,0.0
,0,0.0
,0,0.0
,0,0.0
,0,0.0
,0,0.0
,0,0.0
,0,0.0
,0,0.0
,0,0.0
,0,0.0
,0,0.0
,0,0.0
,0,0.0
,0,0.0
,0,0.0
,0,0.0
,0,0.0
,0,0.0
,0,0.0
,0,0.0
,0,0.0
,0,0.0
,0,0.0
,0,0.0
,0,0.0
,0,0.0
,0,0.0
,0,0.0
,0,0.0
,0,0.0
,0,0.0
,0,0.0
,0,0.0
,0,0.0
,0,0.0
,0,0.0
,0,0.0
,0,0.0
,0,0.0
,0,0.0
,0,0.0
,0,0.0
,0,0.0
,0,0.0
,0,0.0
,0,0.0
,0,0.0
,0,0.0
,0,0.0
,0,0.0
,0,0.0
,0,0.0
,0,0.0
,0,0.0
,0,0.0
,0,0.0
,0,0.0
,0,0.0
,0,0.0
,0,0.0
,0,0.0
,0,0.0
,0,0.0
,0,0.0
,0,0.0
,0,0.0
,0,0.0
,0,0.0
,0,0.0
,0,0.0
,0,0.0
,0,0.0
,0,0.0
,0,0.0
,0,0.0
,0,0.0
,0,0.0
,0,0.0
,0,0.0
,0,0.0
,0,0.0
,0,0.0
,0,0.0
,0,0.0
,0,0.0
,0,0.0
,0,0.0
,0,0.0
,0,0.0
,0,0.0
,0,0.0
,0,0.0
,0,0.0
,0,0.0
,0,0.0
,0,0.0
,0,0.0
,0,0.0
,0,0.0
,0,0.0
,0,0.0
,0,0.0
,0,0.0
,0,0.0
,0,0.0
,0,0.0
,0,0.0
,0,0.0
,0,0.0
,0,0.0
,0,0.0
,0,0.0
,0,0.0
,0,0.0
,0,0.0
,0,0.0
,0,0.0
,0,0.0
,0,0.0
,0,0.0
,0,0.0
,0,0.0
,0,0.0
,0,0.0
,0,0.0
,0,0.0
,0,0.0
,0,0.0
,0,0.0
,0,0.0
,0,0.0
,0,0.0
,0,0.0
,0,0.0
,0,0.0
,0,0.0
,0,0.0
,0,0.0
,0,0.0
,0,0.0
,0,0.0
,0,0.0
,0,0.0
,0,0.0
,0,0.0
,0,0.0
,0,0.0
,0,0.0
,0,0.0
,0,0.0
,0,0.0
,0,0.0
,0,0.0
,0,0.0
,0,0.0
,0,0.0
,0,0.0
,0,0.0
,0,0.0
,0,0.0
,0,0.0
,0,0.0
,0,0.0
,0,0.0
373.2796969859306,0,0.6666666666666666
368.87669955318324,0,0.5
,0,0.0
,0,0.0
,0,0.0
,0,0.0
,0,0.0
,0,0.0
,0,0.0
,0,0.0
,0,0.0
,0,0.0
,0,0.0
,0,0.0
,0,0.0
,0,0.0
,0,0.0
,0,0.0
,0,0.0
,0,0.0
,0,0.0
,0,0.0
,0,0.0
,0,0.0
,0,0.0
,0,0.0
,0,0.0
,0,0.0
,0,0.0
,0,0.0
,0,0.0
,0,0.0
,0,0.0
,0,0.0
,0,0.0
,0,0.0
,0,0.0
,0,0.0
,0,0.0
,0,0.0
,0,0.0
,0,0.0
,0,0.0
,0,0.0
,0,0.0
,0,0.0
,0,0.0
,0,0.0
,0,0.0
,0,0.0
,0,0.0
,0,0.0
,0,0.0
,0,0.0
,0,0.0
,0,0.0
,0,0.0
,0,0.0
,0,0.0
,0,0.0
,0,0.0
,0,0.0
,0,0.0
,0,0.0
,0,0.0
,0,0.0
,0,0.0
,0,0.0
,0,0.0
,0,0.0
,0,0.0
,0,0.0
,0,0.0
,0,0.0
,0,0.0
,0,0.0
,0,0.0
,0,0.0
,0,0.0
,0,0.0
,0,0.0
,0,0.0
,0,0.0
,0,0.0
,0,0.0
,0,0.0
,0,0.0
,0,0.0
,0,0.0
,0,0.0
,0,0.0
,0,0.0
,0,0.0
,0,0.0
,0,0.0
,0,0.0
,0,0.0
,0,0.0
,0,0.0
,0,0.0
,0,0.0
,0,0.0
,0,0.0
,0,0.0
,0,0.0
,0,0.0
,0,0.0
,0,0.0
,0,0.0
,0,0.0
,0,0.0
,0,0.0
,0,0.0
,0,0.0
,0,0.0
,0,0.0
,0,0.0
,0,0.0
,0,0.0
,0,0.0
,0,0.0
,0,0.0
,0,0.0
,0,0.0
,0,0.0
,0,0.0
,0,0.0
,0,0.0
,0,0.0
,0,0.0
,0,0.0
,0,0.0
,0,0.0
,0,0.0
,0,0.0
,0,0.0
,0,0.0
,0,0.0
,0,0.0
,0,0.0
,0,0.0
,0,0.0
,0,0.0
,0,0.0
,0,0.0
,0,0.0
,0,0.0
,0,0.0
,0,0.0
,0,0.0
,0,0.0
,0,0.0
,0,0.0
,0,0.0
,0,0.0
,0,0.0
,0,0.0
,0,0.0
,0,0.0
,0,0.0
,0,0.0
,0,0.0
,0,0.0
,0,0.0
,0,0.0
,0,0.0
,0,0.0
,0,0.0
,0,0.0
,0,0.0
,0,0.0
,0,0.0
,0,0.0
,0,0.0
,0,0.0
,0,0.0
,0,0.0
,0,0.0
,0,0.0
,0,0.0
,0,0.0
,0,0.0
,0,0.0
,0,0.0
,0,0.0
,0,0.0
,0,0.0
,0,0.0
,0,0.0
,0,0.0
,0,0.0
,0,0.0
,0,0.0
,0,0.0
,0,0.0
,0,0.0
,0,0.0
,0,0.0
,0,0.0
,0,0.0
,0,0.0
,0,0.0
,0,0.0
,0,0.0
,0,0.0
,0,0.0
,0,0.0
,0,0.0
,0,0.0
,0,0.0
,0,0.0
,0,0.0
,0,0.0
,0,0.0
,0,0.0
,0,0.0
,0,0.0
,0,0.0
,0,0.0
,0,0.0
,0,0.0
,0,0.0
,0,0.0
,0,0.0
,0,0.0
,0,0.0
,0,0.0
,0,0.0
,0,0.0
,0,0.0
,0,0.0
,0,0.0
,0,0.0
,0,0.0
,0,0.0
,0,0.0
,0,0.0
,0,0.0
,0,0.0
,0,0.0
,0,0.0
,0,0.0
,0,0.0
,0,0.0
,0,0.0
,0,0.0
,0,0.0
,0,0.0
,0,0.0
,0,0.0
,0,0.0
,0,0.0
,0,0.0
,0,0.0
,0,0.0
,0,0.0
,0,0.0
,0,0.0
,0,0.0
,0,0.0
,0,0.0
,0,0.0
,0,0.0
,0,0.0
,0,0.0
,0,0.0
,0,0.0
,0,0.0
,0,0.0
,0,0.0
,0,0.0
,0,0.0
,0,0.0
,0,0.0
,0,0.0
,0,0.0
,0,0.0
,0,0.0
,0,0.0
,0,0.0
,0,0.0
,0,0.0
,0,0.0
,0,0.0
,0,0.0
,0,0.0
,0,0.0
,0,0.0
,0,0.0
,0,0.0
,0,0.0
,0,0.0
,0,0.0
,0,0.0
,0,0.0
,0,0.0
,0,0.0
,0,0.0
,0,0.0
,0,0.0
,0,0.0
,0,0.0
,0,0.0
,0,0.0
,0,0.0
,0,0.0
,0,0.0
,0,0.0
,0,0.0
,0,0.0
,0,0.0
,0,0.0
,0,0.0
,0,0.0
,0,0.0
,0,0.0
,0,0.0
,0,0.0
,0,0.0
,0,0.0
,0,0.0
,0,0.0
,0,0.0
,0,0.0
,0,0.0
,0,0.0
,0,0.0
,0,0.0
,0,0.0
,0,0.0
,0,0.0
,0,0.0
,0,0.0
,0,0.0
,0,0.0
,0,0.0
,0,0.0
,0,0.0
,0,0.0
,0,0.0
,0,0.0
,0,0.0
,0,0.0
,0,0.0
,0,0.0
,0,0.0
,0,0.0
,0,0.0
,0,0.0
,0,0.0
,0,0.0
,0,0.0
,0,0.0
,0,0.0
,0,0.0
,0,0.0
,0,0.0
,0,0.0
,0,0.0
,0,0.0
,0,0.0
,0,0.0
,0,0.0
,0,0.0
,0,0.0
,0,0.0
,0,0.0
,0,0.0
,0,0.0
,0,0.0
,0,0.0
,0,0.0
,0,0.0
,0,0.0
,0,0.0
,0,0.0
,0,0.0
,0,0.0
,0,0.0
,0,0.0
,0,0.0
,0,0.0
,0,0.0
,0,0.0
,0,0.0
,0,0.0
,0,0.0
,0,0.0
,0,0.0
,0,0.0
,0,0.0
,0,0.0
,0,0.0
,0,0.0
,0,0.0
,0,0.0
,0,0.0
,0,0.0
,0,0.0
,0,0.0
,0,0.0
,0,0.0
,0,0.0
,0,0.0
,0,0.0
,0,0.0
,0,0.0
,0,0.0
,0,0.0
,0,0.0
,0,0.0
,0,0.0
,0,0.0
,0,0.0
,0,0.0
,0,0.0
,0,0.0
,0,0.0
,0,0.0
,0,0.0
,0,0.0
,0,0.0
,0,0.0
,0,0.0
,0,0.0
,0,0.0
,0,0.0
,0,0.0
,0,0.0
,0,0.0
,0,0.0
,0,0.0
,0,0.0
,0,0.0
,0,0.0
,0,0.0
,0,0.0
,0,0.0
,0,0.0
,0,0.0
,0,0.0
,0,0.0
,0,0.0
,0,0.0
,0,0.0
,0,0.0
,0,0.0
,0,0.0
,0,0.0
,0,0.0
,0,0.0
,0,0.0
,0,0.0
,0,0.0
,0,0.0
,0,0.0
,0,0.0
,0,0.0
,0,0.0
,0,0.0
,0,0.0
,0,0.0
,0,0.0
,0,0.0
,0,0.0
,0,0.0
,0,0.0
,0,0.0
,0,0.0
,0,0.0
,0,0.0
,0,0.0
,0,0.0
,0,0.0
,0,0.0
,0,0.0
,0,0.0
,0,0.0
,0,0.0
,0,0.0
,0,0.0
,0,0.0
,0,0.0
,0,0.0
,0,0.0
,0,0.0
,0,0.0
,0,0.0
,0,0.0
,0,0.0
,0,0.0
,0,0.0
,0,0.0
,0,0.0
,0,0.0
,0,0.0
,0,0.0
,0,0.0
,0,0.0
,0,0.0
,0,0.0
,0,0.0
,0,0.0
,0,0.0
,0,0.0
,0,0.0
,0,0.0
,0,0.0
,0,0.0
,0,0.0
,0,0.0
,0,0.0
,0,0.0
,0,0.0
,0,0.0
,0,0.0
,0,0.0
,0,0.0
,0,0.0
,0,0.0
,0,0.0
,0,0.0
,0,0.0
,0,0.0
,0,0.0
,0,0.0
,0,0.0
,0,0.0
,0,0.0
,0,0.0
,0,0.0
,0,0.0
,0,0.0
,0,0.0
115.2719993977776,0,1.0
115.97052588927727,0,1.0
115.3941894609857,0,1.0
115.9244011358736,0,0.6666666666666666
,0,0.0
,0,0.0
,0,0.0
,0,0.0
,0,0.0
,0,0.0
,0,0.0
233.07035059831694,0,1.0
228.44040962904342,0,1.0
231.73602620559126,0,1.0
230.69002998157816,0,1.0
230.1930780449849,0,0.3333333333333333
,0,0.0
,0,0.0
,0,0.0
,0,0.0
,0,0.0
,0,0.0
,0,0.0
,0,0.0
,0,0.0
,0,0.0
,0,0.0
,0,0.0
,0,0.0
,0,0.0
,0,0.0
,0,0.0
,0,0.0
,0,0.0
,0,0.0
,0,0.0
,0,0.0
,0,0.0
,0,0.0
,0,0.0
,0,0.0
,0,0.0
,0,0.0
,0,0.0
,0,0.0
,0,0.0
,0,0.0
,0,0.0
,0,0.0
,0,0.0
,0,0.0
,0,0.0
,0,0.0
,0,0.0
,0,0.0
,0,0.0
,0,0.0
,0,0.0
,0,0.0
,0,0.0
,0,0.0
,0,0.0
,0,0.0
,0,0.0
,0,0.0
,0,0.0
,0,0.0
,0,0.0
,0,0.0
,0,0.0
,0,0.0
,0,0.0
,0,0.0
,0,0.0
,0,0.0
,0,0.0
,0,0.0
,0,0.0
,0,0.0
,0,0.0
,0,0.0
,0,0.0
,0,0.0
,0,0.0
,0,0.0
,0,0.0
,0,0.0
,0,0.0
,0,0.0
,0,0.0
,0,0.0
,0,0.0
,0,0.0
,0,0.0
,0,0.0
,0,0.0
,0,0.0
,0,0.0
,0,0.0
,0,0.0
,0,0.0
,0,0.0
,0,0.0
,0,0.0
,0,0.0
,0,0.0
,0,0.0
,0,0.0
,0,0.0
,0,0.0
,0,0.0
,0,0.0
,0,0.0
,0,0.0
,0,0.0
,0,0.0
,0,0.0
,0,0.0
,0,0.0
,0,0.0
,0,0.0
,0,0.0
,0,0.0
,0,0.0
,0,0.0
,0,0.0
,0,0.0
,0,0.0
,0,0.0
,0,0.0
,0,0.0
,0,0.0
,0,0.0
,0,0.0
,0,0.0
,0,0.0
,0,0.0
,0,0.0
,0,0.0
,0,0.0
,0,0.0
,0,0.0
,0,0.0
,0,0.0
,0,0.0
,0,0.0
,0,0.0
,0,0.0
,0,0.0
,0,0.0
,0,0.0
,0,0.0
,0,0.0
,0,0.0
,0,0.0
,0,0.0
,0,0.0
,0,0.0
,0,0.0
,0,0.0
,0,0.0
,0,0.0
,0,0.0
,0,0.0
,0,0.0
,0,0.0
,0,0.0
,0,0.0
,0,0.0
,0,0.0
,0,0.0
,0,0.0
,0,0.0
,0,0.0
,0,0.0
,0,0.0
,0,0.0
,0,0.0
,0,0.0
,0,0.0
,0,0.0
,0,0.0
,0,0.0
,0,0.0
,0,0.0
,0,0.0
,0,0.0
,0,0.0
,0,0.0
,0,0.0
,0,0.0
,0,0.0
,0,0.0
,0,0.0
,0,0.0
,0,0.0
,0,0.0
,0,0.0
,0,0.0
,0,0.0
,0,0.0
,0,0.0
,0,0.0
,0,0.0
,0,0.0
,0,0.0
,0,0.0
,0,0.0
,0,0.0
,0,0.0
,0,0.0
,0,0.0
,0,0.0
,0,0.0
,0,0.0
,0,0.0
,0,0.0
,0,0.0
,0,0.0
,0,0.0
,0,0.0
,0,0.0
,0,0.0
,0,0.0
,0,0.0
,0,0.0
,0,0.0
,0,0.0
,0,0.0
,0,0.0
,0,0.0
,0,0.0
,0,0.0
,0,0.0
,0,0.0
,0,0.0
,0,0.0
,0,0.0
,0,0.0
,0,0.0
,0,0.0
,0,0.0
,0,0.0
,0,0.0
,0,0.0
,0,0.0
,0,0.0
,0,0.0
,0,0.0
,0,0.0
,0,0.0
,0,0.0
,0,0.0
,0,0.0
,0,0.0
,0,0.0
,0,0.0
,0,0.0
,0,0.0
,0,0.0
,0,0.0
,0,0.0
,0,0.0
,0,0.0
,0,0.0
,0,0.0
,0,0.0
,0,0.0
,0,0.0
,0,0.0
,0,0.0
,0,0.0
,0,0.0
,0,0.0
,0,0.0
,0,0.0
,0,0.0
,0,0.0
,0,0.0
,0,0.0
,0,0.0
,0,0.0
,0,0.0
,0,0.0
,0,0.0
,0,0.0
,0,0.0
,0,0.0
,0,0.0
,0,0.0
,0,0.0
,0,0.0
,0,0.0
,0,0.0
,0,0.0
,0,0.0
,0,0.0
,0,0.0
,0,0.0
,0,0.0
,0,0.0
,0,0.0
,0,0.0
,0,0.0
,0,0.0
,0,0.0
,0,0.0
,0,0.0
,0,0.0
,0,0.0
,0,0.0
,0,0.0
,0,0.0
,0,0.0
,0,0.0
,0,0.0
,0,0.0
,0,0.0
,0,0.0
,0,0.0
,0,0.0
,0,0.0
,0,0.0
,0,0.0
,0,0.0
,0,0.0
,0,0.0
,0,0.0
,0,0.0
,0,0.0
,0,0.0
,0,0.0
,0,0.0
,0,0.0
,0,0.0
,0,0.0
,0,0.0
,0,0.0
,0,0.0
,0,0.0
,0,0.0
,0,0.0
,0,0.0
,0,0.0
,0,0.0
,0,0.0
,0,0.0
,0,0.0
,0,0.0
,0,0.0
,0,0.0
,0,0.0
,0,0.0
,0,0.0
,0,0.0
,0,0.0
,0,0.0
,0,0.0
,0,0.0
,0,0.0
,0,0.0
,0,0.0
,0,0.0
,0,0.0
,0,0.0
,0,0.0
,0,0.0
,0,0.0
,0,0.0
,0,0.0
,0,0.0
,0,0.0
,0,0.0
,0,0.0
,0,0.0
,0,0.0
,0,0.0
,0,0.0
,0,0.0
266.3914394398319,0,0.25
276.63189134797176,0,1.0
287.49502554778667,0,0.3333333333333333
,0,0.0
,0,0.0
,0,0.0
,0,0.0
,0,0.0
,0,0.0
,0,0.0
,0,0.0
,0,0.0
,0,0.0
,0,0.0
,0,0.0
,0,0.0
,0,0.0
,0,0.0
,0,0.0
,0,0.0
,0,0.0
,0,0.0
,0,0.0
,0,0.0
,0,0.0
,0,0.0
,0,0.0
,0,0.0
,0,0.0
,0,0.0
,0,0.0
,0,0.0
,0,0.0
,0,0.0
,0,0.0
,0,0.0
,0,0.0
,0,0.0
,0,0.0
,0,0.0
,0,0.0
,0,0.0
,0,0.0
,0,0.0
,0,0.0
,0,0.0
,0,0.0
,0,0.0
,0,0.0
,0,0.0
,0,0.0
,0,0.0
,0,0.0
,0,0.0
,0,0.0
,0,0.0
,0,0.0
,0,0.0
,0,0.0
,0,0.0
,0,0.0
,0,0.0
,0,0.0
,0,0.0
,0,0.0
,0,0.0
,0,0.0
,0,0.0
,0,0.0
,0,0.0
,0,0.0
,0,0.0
,0,0.0
,0,0.0
,0,0.0
,0,0.0
,0,0.0
,0,0.0
,0,0.0
,0,0.0
,0,0.0
,0,0.0
,0,0.0
,0,0.0
,0,0.0
,0,0.0
,0,0.0
,0,0.0
,0,0.0
,0,0.0
,0,0.0
,0,0.0
,0,0.0
,0,0.0
,0,0.0
,0,0.0
,0,0.0
,0,0.0
,0,0.0
,0,0.0
,0,0.0
,0,0.0
,0,0.0
,0,0.0
,0,0.0
,0,0.0
,0,0.0
,0,0.0
,0,0.0
,0,0.0
,0,0.0
,0,0.0
,0,0.0
,0,0.0
,0,0.0
,0,0.0
,0,0.0
,0,0.0
,0,0.0
,0,0.0
,0,0.0
,0,0.0
,0,0.0
,0,0.0
,0,0.0
,0,0.0
,0,0.0
,0,0.0
,0,0.0
,0,0.0
,0,0.0
,0,0.0
,0,0.0
,0,0.0
,0,0.0
,0,0.0
,0,0.0
,0,0.0
,0,0.0
,0,0.0
,0,0.0
,0,0.0
,0,0.0
,0,0.0
,0,0.0
,0,0.0
,0,0.0
,0,0.0
,0,0.0
,0,0.0
,0,0.0
,0,0.0
,0,0.0
,0,0.0
,0,0.0
,0,0.0
,0,0.0
,0,0.0
,0,0.0
,0,0.0
,0,0.0
,0,0.0
,0,0.0
,0,0.0
,0,0.0
,0,0.0
,0,0.0
,0,0.0
,0,0.0
,0,0.0
,0,0.0
,0,0.0
,0,0.0
,0,0.0
,0,0.0
,0,0.0
,0,0.0
,0,0.0
,0,0.0
,0,0.0
,0,0.0
,0,0.0
,0,0.0
,0,0.0
,0,0.0
,0,0.0
,0,0.0
,0,0.0
,0,0.0
,0,0.0
,0,0.0
,0,0.0
,0,0.0
,0,0.0
,0,0.0
,0,0.0
,0,0.0
,0,0.0
,0,0.0
,0,0.0
,0,0.0
,0,0.0
,0,0.0
,0,0.0
,0,0.0
,0,0.0
,0,0.0
,0,0.0
,0,0.0
,0,0.0
,0,0.0
,0,0.0
,0,0.0
,0,0.0
,0,0.0
,0,0.0
,0,0.0
,0,0.0
,0,0.0
,0,0.0
,0,0.0
,0,0.0
,0,0.0
,0,0.0
,0,0.0
,0,0.0
,0,0.0
,0,0.0
,0,0.0
,0,0.0
,0,0.0
,0,0.0
,0,0.0
,0,0.0
,0,0.0
,0,0.0
,0,0.0
,0,0.0
,0,0.0
,0,0.0
,0,0.0
,0,0.0
,0,0.0
,0,0.0
,0,0.0
,0,0.0
,0,0.0
,0,0.0
,0,0.0
,0,0.0
,0,0.0
,0,0.0
,0,0.0
,0,0.0
,0,0.0
,0,0.0
,0,0.0
,0,0.0
,0,0.0
,0,0.0
,0,0.0
,0,0.0
,0,0.0
,0,0.0
,0,0.0
,0,0.0
,0,0.0
,0,0.0
,0,0.0
,0,0.0
,0,0.0
,0,0.0
,0,0.0
,0,0.0
,0,0.0
,0,0.0
,0,0.0
,0,0.0
,0,0.0
,0,0.0
,0,0.0
,0,0.0
,0,0.0
,0,0.0
,0,0.0
,0,0.0
,0,0.0
,0,0.0
,0,0.0
,0,0.0
,0,0.0
,0,0.0
,0,0.0
,0,0.0
,0,0.0
,0,0.0
,0,0.0
,0,0.0
,0,0.0
,0,0.0
,0,0.0
,0,0.0
,0,0.0
,0,0.0
,0,0.0
,0,0.0
,0,0.0
,0,0.0
,0,0.0
,0,0.0
,0,0.0
,0,0.0
,0,0.0
,0,0.0
,0,0.0
,0,0.0
,0,0.0
,0,0.0
,0,0.0
,0,0.0
,0,0.0
,0,0.0
,0,0.0
,0,0.0
,0,0.0
,0,0.0
,0,0.0
,0,0.0
,0,0.0
,0,0.0
,0,0.0
,0,0.0
,0,0.0
,0,0.0
,0,0.0
,0,0.0
,0,0.0
,0,0.0
,0,0.0
,0,0.0
,0,0.0
,0,0.0
,0,0.0
,0,0.0
,0,0.0
,0,0.0
,0,0.0
,0,0.0
,0,0.0
,0,0.0
,0,0.0
,0,0.0
,0,0.0
,0,0.0
,0,0.0
,0,0.0
,0,0.0
,0,0.0
,0,0.0
,0,0.0
,0,0.0
,0,0.0
,0,0.0
,0,0.0
,0,0.0
,0,0.0
,0,0.0
,0,0.0
,0,0.0
,0,0.0
,0,0.0
,0,0.0
,0,0.0
,0,0.0
,0,0.0
,0,0.0
,0,0.0
,0,0.0
,0,0.0
,0,0.0
,0,0.0
,0,0.0
,0,0.0
,0,0.0
,0,0.0
,0,0.0
,0,0.0
,0,0.0
,0,0.0
,0,0.0
,0,0.0
,0,0.0
,0,0.0
,0,0.0
,0,0.0
,0,0.0
,0,0.0
,0,0.0
,0,0.0
,0,0.0
,0,0.0
,0,0.0
,0,0.0
,0,0.0
,0,0.0
,0,0.0
,0,0.0
,0,0.0
,0,0.0
,0,0.0
,0,0.0
,0,0.0
,0,0.0
,0,0.0
,0,0.0
,0,0.0
,0,0.0
,0,0.0
,0,0.0
,0,0.0
,0,0.0
,0,0.0
,0,0.0
,0,0.0
,0,0.0
,0,0.0
,0,0.0
,0,0.0
,0,0.0
,0,0.0
,0,0.0
,0,0.0
,0,0.0
,0,0.0
,0,0.0
,0,0.0
,0,0.0
,0,0.0
,0,0.0
,0,0.0
,0,0.0
,0,0.0
,0,0.0
,0,0.0
,0,0.0
,0,0.0
,0,0.0
,0,0.0
,0,0.0
,0,0.0
,0,0.0
,0,0.0
,0,0.0
,0,0.0
,0,0.0
,0,0.0
,0,0.0
,0,0.0
,0,0.0
,0,0.0
,0,0.0
,0,0.0
,0,0.0
,0,0.0
,0,0.0
,0,0.0
,0,0.0
,0,0.0
,0,0.0
,0,0.0
,0,0.0
,0,0.0
,0,0.0
,0,0.0
,0,0.0
,0,0.0
,0,0.0
,0,0.0
,0,0.0
,0,0.0
,0,0.0
,0,0.0
,0,0.0
,0,0.0
,0,0.0
,0,0.0
,0,0.0
,0,0.0
,0,0.0
,0,0.0
,0,0.0
,0,0.0
,0,0.0
,0,0.0
,0,0.0
,0,0.0
,0,0.0
,0,0.0
,0,0.0
,0,0.0
,0,0.0
,0,0.0
,0,0.0
,0,0.0
,0,0.0
,0,0.0
,0,0.0
,0,0.0
,0,0.0
,0,0.0
,0,0.0
,0,0.0
,0,0.0
,0,0.0
,0,0.0
,0,0.0
,0,0.0
,0,0.0
,0,0.0
,0,0.0
,0,0.0
,0,0.0
,0,0.0
,0,0.0
,0,0.0
,0,0.0
,0,0.0
,0,0.0
,0,0.0
,0,0.0
,0,0.0
,0,0.0
,0,0.0
,0,0.0
,0,0.0
,0,0.0
,0,0.0
,0,0.0
,0,0.0
,0,0.0
,0,0.0
,0,0.0
,0,0.0
,0,0.0
,0,0.0
,0,0.0
,0,0.0
,0,0.0
,0,0.0
,0,0.0
,0,0.0
,0,0.0
,0,0.0
,0,0.0
,0,0.0
,0,0.0
,0,0.0
,0,0.0
,0,0.0
,0,0.0
,0,0.0
,0,0.0
,0,0.0
,0,0.0
,0,0.0
,0,0.0
,0,0.0
,0,0.0
,0,0.0
,0,0.0
,0,0.0
,0,0.0
,0,0.0
,0,0.0
,0,0.0
,0,0.0
,0,0.0
,0,0.0
,0,0.0
,0,0.0
,0,0.0
,0,0.0
,0,0.0
,0,0.0
,0,0.0
,0,0.0
,0,0.0
,0,0.0
,0,0.0
,0,0.0
,0,0.0
,0,0.0
,0,0.0
,0,0.0
,0,0.0
,0,0.0
,0,0.0
,0,0.0
,0,0.0
,0,0.0
,0,0.0
,0,0.0
,0,0.0
,0,0.0
,0,0.0
,0,0.0
,0,0.0
,0,0.0
,0,0.0
,0,0.0
,0,0.0
,0,0.0
285.71363934218533,0,0.25
281.71919893000876,0,1.0
270.22133888926,0,0.6666666666666666
,0,0.0
,0,0.0
,0,0.0
,0,0.0
,0,0.0
,0,0.0
,0,0.0
,0,0.0
,0,0.0
,0,0.0
,0,0.0
,0,0.0
,0,0.0
,0,0.0
,0,0.0
,0,0.0
,0,0.0
,0,0.0
,0,0.0
,0,0.0
,0,0.0
,0,0.0
,0,0.0
,0,0.0
,0,0.0
,0,0.0
,0,0.0
,0,0.0
,0,0.0
,0,0.0
,0,0.0
,0,0.0
,0,0.0
,0,0.0
,0,0.0
,0,0.0
,0,0.0
,0,0.0
,0,0.0
,0,0.0
,0,0.0
,0,0.0
,0,0.0
,0,0.0
,0,0.0
,0,0.0
,0,0.0
,0,0.0
,0,0.0
,0,0.0
,0,0.0
,0,0.0
,0,0.0
,0,0.0
,0,0.0
,0,0.0
,0,0.0
,0,0.0
,0,0.0
,0,0.0
,0,0.0
,0,0.0
,0,0.0
,0,0.0
,0,0.0
,0,0.0
,0,0.0
,0,0.0
,0,0.0
,0,0.0
,0,0.0
,0,0.0
,0,0.0
,0,0.0
,0,0.0
,0,0.0
,0,0.0
,0,0.0
,0,0.0
,0,0.0
,0,0.0
,0,0.0
,0,0.0
,0,0.0
,0,0.0
,0,0.0
,0,0.0
,0,0.0
,0,0.0
,0,0.0
,0,0.0
,0,0.0
,0,0.0
,0,0.0
,0,0.0
,0,0.0
,0,0.0
,0,0.0
,0,0.0
,0,0.0
,0,0.0
,0,0.0
,0,0.0
,0,0.0
,0,0.0
,0,0.0
,0,0.0
,0,0.0
,0,0.0
,0,0.0
,0,0.0
,0,0.0
,0,0.0
,0,0.0
,0,0.0
,0,0.0
,0,0.0
,0,0.0
,0,0.0
,0,0.0
,0,0.0
,0,0.0
,0,0.0
,0,0.0
,0,0.0
,0,0.0
,0,0.0
,0,0.0
,0,0.0
,0,0.0
,0,0.0
,0,0.0
,0,0.0
,0,0.0
,0,0.0
,0,0.0
,0,0.0
,0,0.0
,0,0.0
,0,0.0
,0,0.0
,0,0.0
,0,0.0
,0,0.0
,0,0.0
,0,0.0
,0,0.0
,0,0.0
,0,0.0
,0,0.0
,0,0.0
,0,0.0
,0,0.0
,0,0.0
,0,0.0
,0,0.0
,0,0.0
,0,0.0
,0,0.0
,0,0.0
,0,0.0
,0,0.0
,0,0.0
,0,0.0
,0,0.0
,0,0.0
,0,0.0
,0,0.0
,0,0.0
,0,0.0
,0,0.0
,0,0.0
,0,0.0
,0,0.0
,0,0.0
,0,0.0
,0,0.0
,0,0.0
,0,0.0
,0,0.0
,0,0.0
,0,0.0
,0,0.0
,0,0.0
,0,0.0
,0,0.0
,0,0.0
,0,0.0
,0,0.0
,0,0.0
,0,0.0
,0,0.0
,0,0.0
,0,0.0
,0,0.0
,0,0.0
,0,0.0
,0,0.0
,0,0.0
,0,0.0
,0,0.0
,0,0.0
,0,0.0
,0,0.0
,0,0.0
,0,0.0
,0,0.0
,0,0.0
,0,0.0
,0,0.0
,0,0.0
,0,0.0
,0,0.0
,0,0.0
,0,0.0
,0,0.0
,0,0.0
,0,0.0
,0,0.0
,0,0.0
,0,0.0
,0,0.0
,0,0.0
,0,0.0
,0,0.0
,0,0.0
,0,0.0
,0,0.0
,0,0.0
,0,0.0
,0,0.0
,0,0.0
,0,0.0
,0,0.0
,0,0.0
,0,0.0
,0,0.0
,0,0.0
,0,0.0
,0,0.0
,0,0.0
,0,0.0
,0,0.0
,0,0.0
,0,0.0
,0,0.0
,0,0.0
,0,0.0
,0,0.0
,0,0.0
,0,0.0
,0,0.0
,0,0.0
,0,0.0
,0,0.0
,0,0.0
,0,0.0
,0,0.0
,0,0.0
,0,0.0
,0,0.0
,0,0.0
,0,0.0
,0,0.0
,0,0.0
,0,0.0
,0,0.0
,0,0.0
,0,0.0
,0,0.0
,0,0.0
,0,0.0
,0,0.0
,0,0.0
,0,0.0
,0,0.0
,0,0.0
,0,0.0
,0,0.0
,0,0.0
,0,0.0
,0,0.0
,0,0.0
,0,0.0
,0,0.0
,0,0.0
,0,0.0
,0,0.0
,0,0.0
,0,0.0
,0,0.0
,0,0.0
,0,0.0
,0,0.0
,0,0.0
,0,0.0
,0,0.0
,0,0.0
,0,0.0
,0,0.0
,0,0.0
,0,0.0
,0,0.0
,0,0.0
,0,0.0
,0,0.0
,0,0.0
,0,0.0
,0,0.0
,0,0.0
,0,0.0
,0,0.0
,0,0.0
,0,0.0
,0,0.0
,0,0.0
,0,0.0
,0,0.0
,0,0.0
,0,0.0
,0,0.0
,0,0.0
,0,0.0
,0,0.0
,0,0.0
,0,0.0
,0,0.0
,0,0.0
,0,0.0
,0,0.0
,0,0.0
,0,0.0
,0,0.0
,0,0.0
,0,0.0
,0,0.0
,0,0.0
,0,0.0
,0,0.0
,0,0.0
,0,0.0
,0,0.0
,0,0.0
,0,0.0
,0,0.0
,0,0.0
,0,0.0
,0,0.0
,0,0.0
,0,0.0
,0,0.0
,0,0.0
,0,0.0
,0,0.0
,0,0.0
,0,0.0
,0,0.0
,0,0.0
,0,0.0
,0,0.0
,0,0.0
,0,0.0
,0,0.0
,0,0.0
,0,0.0
,0,0.0
,0,0.0
,0,0.0
,0,0.0
,0,0.0
,0,0.0
,0,0.0
,0,0.0
,0,0.0
,0,0.0
,0,0.0
,0,0.0
,0,0.0
,0,0.0
,0,0.0
,0,0.0
,0,0.0
,0,0.0
,0,0.0
,0,0.0
,0,0.0
,0,0.0
,0,0.0
,0,0.0
313.01396107587146,0,0.75
303.0316548463281,0,1.0
312.5966118070921,0,1.0
,0,0.0
,0,0.0
,0,0.0
,0,0.0
,0,0.0
,0,0.0
,0,0.0
,0,0.0
,0,0.0
,0,0.0
,0,0.0
,0,0.0
,0,0.0
,0,0.0
,0,0.0
,0,0.0
,0,0.0
,0,0.0
,0,0.0
,0,0.0
,0,0.0
,0,0.0
,0,0.0
,0,0.0
,0,0.0
,0,0.0
,0,0.0
,0,0.0
,0,0.0
,0,0.0
,0,0.0
,0,0.0
,0,0.0
,0,0.0
,0,0.0
,0,0.0
,0,0.0
,0,0.0
,0,0.0
,0,0.0
,0,0.0
,0,0.0
,0,0.0
,0,0.0
,0,0.0
,0,0.0
,0,0.0
,0,0.0
,0,0.0
,0,0.0
,0,0.0
,0,0.0
,0,0.0
,0,0.0
,0,0.0
,0,0.0
,0,0.0
,0,0.0
,0,0.0
,0,0.0
,0,0.0
,0,0.0
,0,0.0
,0,0.0
,0,0.0
,0,0.0
,0,0.0
,0,0.0
,0,0.0
,0,0.0
,0,0.0
,0,0.0
,0,0.0
,0,0.0
,0,0.0
,0,0.0
,0,0.0
,0,0.0
,0,0.0
,0,0.0
,0,0.0
,0,0.0
,0,0.0
,0,0.0
,0,0.0
,0,0.0
,0,0.0
,0,0.0
,0,0.0
,0,0.0
,0,0.0
,0,0.0
,0,0.0
,0,0.0
,0,0.0
,0,0.0
,0,0.0
,0,0.0
,0,0.0
,0,0.0
,0,0.0
,0,0.0
,0,0.0
,0,0.0
,0,0.0
,0,0.0
,0,0.0
,0,0.0
,0,0.0
,0,0.0
,0,0.0
,0,0.0
,0,0.0
,0,0.0
,0,0.0
,0,0.0
,0,0.0
,0,0.0
,0,0.0
,0,0.0
,0,0.0
,0,0.0
,0,0.0
,0,0.0
,0,0.0
,0,0.0
,0,0.0
,0,0.0
,0,0.0
,0,0.0
,0,0.0
,0,0.0
,0,0.0
,0,0.0
,0,0.0
,0,0.0
,0,0.0
,0,0.0
,0,0.0
,0,0.0
,0,0.0
,0,0.0
,0,0.0
,0,0.0
,0,0.0
,0,0.0
,0,0.0
,0,0.0
,0,0.0
,0,0.0
,0,0.0
,0,0.0
,0,0.0
,0,0.0
,0,0.0
,0,0.0
,0,0.0
,0,0.0
,0,0.0
,0,0.0
,0,0.0
,0,0.0
,0,0.0
,0,0.0
,0,0.0
,0,0.0
,0,0.0
,0,0.0
,0,0.0
,0,0.0
,0,0.0
,0,0.0
,0,0.0
,0,0.0
,0,0.0
,0,0.0
,0,0.0
,0,0.0
,0,0.0
,0,0.0
,0,0.0
,0,0.0
,0,0.0
,0,0.0
,0,0.0
,0,0.0
,0,0.0
,0,0.0
,0,0.0
,0,0.0
,0,0.0
,0,0.0
,0,0.0
,0,0.0
,0,0.0
,0,0.0
,0,0.0
,0,0.0
,0,0.0
,0,0.0
,0,0.0
,0,0.0
,0,0.0
,0,0.0
,0,0.0
,0,0.0
,0,0.0
,0,0.0
,0,0.0
,0,0.0
,0,0.0
,0,0.0
,0,0.0
,0,0.0
,0,0.0
,0,0.0
,0,0.0
,0,0.0
,0,0.0
,0,0.0
,0,0.0
,0,0.0
,0,0.0
,0,0.0
,0,0.0
,0,0.0
,0,0.0
,0,0.0
,0,0.0
,0,0.0
,0,0.0
,0,0.0
,0,0.0
,0,0.0
,0,0.0
,0,0.0
,0,0.0
,0,0.0
,0,0.0
,0,0.0
,0,0.0
,0,0.0
,0,0.0
,0,0.0
,0,0.0
,0,0.0
,0,0.0
,0,0.0
,0,0.0
,0,0.0
,0,0.0
,0,0.0
,0,0.0
,0,0.0
,0,0.0
,0,0.0
,0,0.0
,0,0.0
,0,0.0
,0,0.0
,0,0.0
,0,0.0
,0,0.0
,0,0.0
,0,0.0
,0,0.0
,0,0.0
,0,0.0
,0,0.0
,0,0.0
,0,0.0
,0,0.0
,0,0.0
,0,0.0
,0,0.0
,0,0.0
,0,0.0
,0,0.0
,0,0.0
,0,0.0
,0,0.0
,0,0.0
,0,0.0
,0,0.0
,0,0.0
,0,0.0
,0,0.0
,0,0.0
,0,0.0
,0,0.0
,0,0.0
,0,0.0
,0,0.0
,0,0.0
,0,0.0
,0,0.0
,0,0.0
,0,0.0
,0,0.0
,0,0.0
,0,0.0
,0,0.0
,0,0.0
,0,0.0
,0,0.0
,0,0.0
,0,0.0
,0,0.0
,0,0.0
,0,0.0
,0,0.0
,0,0.0
,0,0.0
,0,0.0
,0,0.0
,0,0.0
,0,0.0
,0,0.0
,0,0.0
,0,0.0
,0,0.0
,0,0.0
,0,0.0
,0,0.0
,0,0.0
,0,0.0
,0,0.0
,0,0.0
,0,0.0
,0,0.0
,0,0.0
,0,0.0
,0,0.0
,0,0.0
,0,0.0
,0,0.0
,0,0.0
,0,0.0
,0,0.0
,0,0.0
,0,0.0
,0,0.0
,0,0.0
,0,0.0
,0,0.0
,0,0.0
,0,0.0
,0,0.0
,0,0.0
,0,0.0
,0,0.0
,0,0.0
,0,0.0
,0,0.0
,0,0.0
,0,0.0
,0,0.0
,0,0.0
,0,0.0
,0,0.0
,0,0.0
,0,0.0
,0,0.0
,0,0.0
,0,0.0
,0,0.0
,0,0.0
,0,0.0
,0,0.0
,0,0.0
,0,0.0
,0,0.0
,0,0.0
,0,0.0
,0,0.0
,0,0.0
,0,0.0
,0,0.0
,0,0.0
,0,0.0
,0,0.0
,0,0.0
,0,0.0
,0,0.0
,0,0.0
,0,0.0
,0,0.0
,0,0.0
,0,0.0
,0,0.0
,0,0.0
,0,0.0
,0,0.0
,0,0.0
,0,0.0
,0,0.0
,0,0.0
,0,0.0
,0,0.0
,0,0.0
,0,0.0
,0,0.0
,0,0.0
,0,0.0
,0,0.0
,0,0.0
,0,0.0
,0,0.0
,0,0.0
,0,0.0
,0,0.0
,0,0.0
,0,0.0
,0,0.0
,0,0.0
,0,0.0
,0,0.0
,0,0.0
,0,0.0
,0,0.0
,0,0.0
,0,0.0
,0,0.0
,0,0.0
,0,0.0
,0,0.0
,0,0.0
,0,0.0
,0,0.0
,0,0.0
,0,0.0
,0,0.0
,0,0.0
,0,0.0
,0,0.0
,0,0.0
,0,0.0
,0,0.0
,0,0.0
,0,0.0
,0,0.0
,0,0.0
,0,0.0
,0,0.0
,0,0.0
,0,0.0
,0,0.0
,0,0.0
,0,0.0
,0,0.0
,0,0.0
,0,0.0
,0,0.0
,0,0.0
,0,0.0
,0,0.0
,0,0.0
,0,0.0
,0,0.0
,0,0.0
,0,0.0
,0,0.0
,0,0.0
,0,0.0
,0,0.0
,0,0.0
,0,0.0
,0,0.0
,0,0.0
,0,0.0
,0,0.0
,0,0.0
,0,0.0
,0,0.0
,0,0.0
,0,0.0
,0,0.0
,0,0.0
,0,0.0
,0,0.0
,0,0.0
,0,0.0
,0,0.0
,0,0.0
,0,0.0
,0,0.0
,0,0.0
,0,0.0
,0,0.0
,0,0.0
,0,0.0
,0,0.0
,0,0.0
,0,0.0
,0,0.0
,0,0.0
,0,0.0
,0,0.0
,0,0.0
,0,0.0
,0,0.0
,0,0.0
,0,0.0
,0,0.0
,0,0.0
,0,0.0
,0,0.0
,0,0.0
,0,0.0
,0,0.0
,0,0.0
,0,0.0
,0,0.0
,0,0.0
,0,0.0
,0,0.0
,0,0.0
,0,0.0
,0,0.0
,0,0.0
,0,0.0
,0,0.0
,0,0.0
,0,0.0
,0,0.0
,0,0.0
,0,0.0
,0,0.0
,0,0.0
,0,0.0
,0,0.0
,0,0.0
,0,0.0
,0,0.0
,0,0.0
,0,0.0
,0,0.0
,0,0.0
,0,0.0
,0,0.0
,0,0.0
,0,0.0
,0,0.0
,0,0.0
,0,0.0
,0,0.0
,0,0.0
,0,0.0
,0,0.0
,0,0.0
,0,0.0
,0,0.0
,0,0.0
,0,0.0
,0,0.0
,0,0.0
,0,0.0
,0,0.0
,0,0.0
,0,0.0
,0,0.0
,0,0.0
,0,0.0
,0,0.0
,0,0.0
,0,0.0
,0,0.0
,0,0.0
,0,0.0
,0,0.0
,0,0.0
,0,0.0
,0,0.0
,0,0.0
,0,0.0
,0,0.0
,0,0.0
,0,0.0
,0,0.0
,0,0.0
,0,0.0
,0,0.0
,0,0.0
,0,0.0
,0,0.0
,0,0.0
,0,0.0
,0,0.0
,0,0.0
,0,0.0
,0,0.0
,0,0.0
,0,0.0
,0,0.0
,0,0.0
,0,0.0
,0,0.0
,0,0.0
,0,0.0
,0,0.0
,0,0.0
,0,0.0
,0,0.0
,0,0.0
,0,0.0
,0,0.0
,0,0.0
,0,0.0
,0,0.0
,0,0.0
,0,0.0
,0,0.0
,0,0.0
,0,0.0
,0,0.0
,0,0.0
,0,0.0
,0,0.0
,0,0.0
,0,0.0
,0,0.0
,0,0.0
,0,0.0
,0,0.0
,0,0.0
,0,0.0
,0,0.0
,0,0.0
,0,0.0
,0,0.0
,0,0.0
,0,0.0
,0,0.0
,0,0.0
,0,0.0
,0,0.0
,0,0.0
,0,0.0
,0,0.0
,0,0.0
,0,0.0
,0,0.0
,0,0.0
,0,0.0
,0,0.0
,0,0.0
,0,0.0
,0,0.0
,0,0.0
,0,0.0
,0,0.0
,0,0.0
,0,0.0
,0,0.0
,0,0.0
,0,0.0
,0,0.0
,0,0.0
,0,0.0
,0,0.0
,0,0.0
,0,0.0
,0,0.0
,0,0.0
,0,0.0
,0,0.0
,0,0.0
,0,0.0
,0,0.0
,0,0.0
,0,0.0
,0,0.0
,0,0.0
,0,0.0
,0,0.0
,0,0.0
,0,0.0
,0,0.0
,0,0.0
,0,0.0
,0,0.0
,0,0.0
,0,0.0
,0,0.0
,0,0.0
,0,0.0
,0,0.0
,0,0.0
,0,0.0
,0,0.0
,0,0.0
,0,0.0
,0,0.0
,0,0.0
,0,0.0
,0,0.0
,0,0.0
,0,0.0
,0,0.0
,0,0.0
,0,0.0
,0,0.0
,0,0.0
,0,0.0
,0,0.0
,0,0.0
,0,0.0
,0,0.0
,0,0.0
,0,0.0
,0,0.0
,0,0.0
,0,0.0
,0,0.0
,0,0.0
,0,0.0
,0,0.0
,0,0.0
,0,0.0
,0,0.0
,0,0.0
,0,0.0
,0,0.0
,0,0.0
,0,0.0
,0,0.0
,0,0.0
,0,0.0
,0,0.0
,0,0.0
,0,0.0
,0,0.0
,0,0.0
,0,0.0
,0,0.0
,0,0.0
,0,0.0
,0,0.0
,0,0.0
,0,0.0
,0,0.0
,0,0.0
,0,0.0
410.5020791991849,0,0.0
409.82181432080466,0,0.0
412.0323662907018,0,0.0
410.28011337021013,0,0.0
410.0847258583696,0,0.0
410.48970814206393,0,0.0
410.7046021148345,0,0.0
410.0636689097914,0,0.0
410.0048062973175,0,0.0
411.4447023749551,0,0.0
410.16300496183493,0,0.0
409.9698842687166,0,0.0
409.8009037699806,0,0.0
411.5405099345012,0,0.0
410.17353129934827,0,0.0
409.9541823411758,0,0.0
410.2688877651927,0,0.0
410.3883177890735,0,0.0
410.3824068126667,0,0.0
,0,0.0
,0,0.0
,0,0.0
,0,0.0
,0,0.0
,0,0.0
,0,0.0
,0,0.0
,0,0.0
,0,0.0
,0,0.0
410.15478677353354,0,0.0
409.96154171891334,0,0.0
410.8021644011999,0,0.0
409.32274414145974,0,0.0
409.89561726908624,0,0.0
410.4672996668684,0,0.0
410.1476145086672,0,0.0
409.16738164399527,0,0.0
409.9282681872354,0,0.0
410.6377860432506,0,0.0
409.7757273955046,0,0.0
409.4400456741194,0,0.0
409.8892498491332,0,0.0
411.23885632011593,0,0.0
409.770406046376,0,0.0
410.2003976360852,0,0.0
410.75726726225616,0,0.0
410.7197344971878,0,0.0
409.98694097111866,0,0.0
409.56335336514417,0,0.0
,0,0.0
,0,0.0
,0,0.0
,0,0.0
,0,0.0
,0,0.0
,0,0.0
,0,0.0
,0,0.0
410.2007812500511,0,0.0
409.89879030270555,0,0.0
410.89088828936855,0,0.0
409.876566326796,0,0.0
409.36936331028716,0,0.0
409.4183116753845,0,0.0
380.38798786306893,0,0.0
257.35867616821406,0,0.0
256.9258385038204,0,0.0
,0,0.0
,0,0.0
,0,0.0
,0,0.0
,0,0.0
,0,0.0
,0,0.0
,0,0.0
,0,0.0
,0,0.0
,0,0.0
,0,0.0
,0,0.0
,0,0.0
,0,0.0
,0,0.0
,0,0.0
,0,0.0
,0,0.0
,0,0.0
,0,0.0
,0,0.0
,0,0.0
,0,0.0
,0,0.0
,0,0.0
,0,0.0
,0,0.0
,0,0.0
,0,0.0
,0,0.0
,0,0.0
,0,0.0
,0,0.0
,0,0.0
,0,0.0
,0,0.0
,0,0.0
,0,0.0
,0,0.0
,0,0.0
,0,0.0
,0,0.0
,0,0.0
,0,0.0
,0,0.0
,0,0.0
,0,0.0
,0,0.0
,0,0.0
,0,0.0
,0,0.0
,0,0.0
,0,0.0
,0,0.0
,0,0.0
,0,0.0
,0,0.0
,0,0.0
,0,0.0
,0,0.0
,0,0.0
,0,0.0
,0,0.0
,0,0.0
,0,0.0
,0,0.0
,0,0.0
,0,0.0
,0,0.0
,0,0.0
,0,0.0
,0,0.0
,0,0.0
,0,0.0
,0,0.0
,0,0.0
,0,0.0
,0,0.0
,0,0.0
,0,0.0
,0,0.0
,0,0.0
,0,0.0
,0,0.0
,0,0.0
,0,0.0
,0,0.0
,0,0.0
,0,0.0
,0,0.0
,0,0.0
,0,0.0
,0,0.0
,0,0.0
,0,0.0
,0,0.0
409.056657411816,0,0.6666666666666666
409.8469666969162,0,0.5
410.48979366962095,0,0.0
410.07325816333196,0,0.0
358.6331905530002,0,0.0
341.33835363177917,0,0.0
341.28257448736235,0,0.0
,0,0.0
,0,0.0
,0,0.0
,0,0.0
,0,0.0
,0,0.0
,0,0.0
,0,0.0
,0,0.0
,0,0.0
,0,0.0
,0,0.0
,0,0.0
,0,0.0
,0,0.0
,0,0.0
,0,0.0
,0,0.0
,0,0.0
,0,0.0
,0,0.0
,0,0.0
,0,0.0
,0,0.0
,0,0.0
,0,0.0
,0,0.0
,0,0.0
,0,0.0
,0,0.0
,0,0.0
,0,0.0
,0,0.0
,0,0.0
,0,0.0
,0,0.0
,0,0.0
,0,0.0
,0,0.0
,0,0.0
,0,0.0
,0,0.0
,0,0.0
,0,0.0
,0,0.0
,0,0.0
,0,0.0
,0,0.0
,0,0.0
,0,0.0
,0,0.0
,0,0.0
,0,0.0
,0,0.0
,0,0.0
,0,0.0
,0,0.0
,0,0.0
,0,0.0
,0,0.0
,0,0.0
,0,0.0
,0,0.0
,0,0.0
,0,0.0
,0,0.0
,0,0.0
,0,0.0
,0,0.0
,0,0.0
,0,0.0
,0,0.0
,0,0.0
,0,0.0
,0,0.0
,0,0.0
,0,0.0
,0,0.0
,0,0.0
,0,0.0
,0,0.0
,0,0.0
,0,0.0
,0,0.0
,0,0.0
,0,0.0
,0,0.0
,0,0.0
,0,0.0
,0,0.0
,0,0.0
,0,0.0
,0,0.0
,0,0.0
,0,0.0
,0,0.0
,0,0.0
,0,0.0
,0,0.0
,0,0.0
,0,0.0
,0,0.0
,0,0.0
,0,0.0
,0,0.0
,0,0.0
,0,0.0
,0,0.0
,0,0.0
,0,0.0
,0,0.0
,0,0.0
,0,0.0
,0,0.0
,0,0.0
,0,0.0
,0,0.0
,0,0.0
,0,0.0
,0,0.0
,0,0.0
,0,0.0
,0,0.0
,0,0.0
,0,0.0
,0,0.0
,0,0.0
,0,0.0
,0,0.0
,0,0.0
,0,0.0
,0,0.0
,0,0.0
,0,0.0
,0,0.0
,0,0.0
,0,0.0
,0,0.0
,0,0.0
,0,0.0
,0,0.0
,0,0.0
,0,0.0
,0,0.0
,0,0.0
,0,0.0
,0,0.0
,0,0.0
,0,0.0
,0,0.0
,0,0.0
,0,0.0
,0,0.0
,0,0.0
,0,0.0
,0,0.0
,0,0.0
,0,0.0
,0,0.0
,0,0.0
,0,0.0
,0,0.0
,0,0.0
,0,0.0
,0,0.0
,0,0.0
,0,0.0
,0,0.0
,0,0.0
,0,0.0
,0,0.0
,0,0.0
,0,0.0
,0,0.0
,0,0.0
,0,0.0
,0,0.0
,0,0.0
,0,0.0
,0,0.0
,0,0.0
,0,0.0
,0,0.0
,0,0.0
,0,0.0
,0,0.0
,0,0.0
,0,0.0
,0,0.0
,0,0.0
,0,0.0
,0,0.0
,0,0.0
,0,0.0
,0,0.0
,0,0.0
,0,0.0
,0,0.0
,0,0.0
,0,0.0
,0,0.0
,0,0.0
,0,0.0
,0,0.0
,0,0.0
,0,0.0
,0,0.0
,0,0.0
,0,0.0
,0,0.0
,0,0.0
,0,0.0
,0,0.0
195.86910313881268,0,0.0
195.46038040453746,1,0.0
197.20570112569047,0,0.0
198.612203782082,0,0.0
,0,0.0
,0,0.0
,0,0.0
,0,0.0
,0,0.0
,0,0.0
,0,0.0
,0,0.0
,0,0.0
,0,0.0
,0,0.0
,0,0.0
,0,0.0
,0,0.0
,0,0.0
,0,0.0
,0,0.0
,0,0.0
,0,0.0
,0,0.0
,0,0.0
,0,0.0
,0,0.0
,0,0.0
,0,0.0
,0,0.0
,0,0.0
,0,0.0
,0,0.0
,0,0.0
,0,0.0
,0,0.0
,0,0.0
,0,0.0
,0,0.0
,0,0.0
,0,0.0
,0,0.0
,0,0.0
,0,0.0
,0,0.0
,0,0.0
,0,0.0
,0,0.0
,0,0.0
,0,0.0
,0,0.0
,0,0.0
,0,0.0
,0,0.0
,0,0.0
,0,0.0
,0,0.0
,0,0.0
,0,0.0
,0,0.0
,0,0.0
,0,0.0
,0,0.0
,0,0.0
,0,0.0
,0,0.0
,0,0.0
,0,0.0
,0,0.0
,0,0.0
,0,0.0
,0,0.0
,0,0.0
,0,0.0
,0,0.0
,0,0.0
,0,0.0
,0,0.0
,0,0.0
,0,0.0
,0,0.0
,0,0.0
,0,0.0
,0,0.0
,0,0.0
,0,0.0
,0,0.0
,0,0.0
,0,0.0
,0,0.0
,0,0.0
,0,0.0
,0,0.0
,0,0.0
,0,0.0
,0,0.0
,0,0.0
,0,0.0
,0,0.0
,0,0.0
,0,0.0
,0,0.0
,0,0.0
,0,0.0
,0,0.0
,0,0.0
,0,0.0
,0,0.0
,0,0.0
,0,0.0
,0,0.0
,0,0.0
,0,0.0
,0,0.0
,0,0.0
,0,0.0
,0,0.0
,0,0.0
,0,0.0
,0,0.0
,0,0.0
,0,0.0
,0,0.0
,0,0.0
,0,0.0
,0,0.0
,0,0.0
,0,0.0
,0,0.0
,0,0.0
,0,0.0
,0,0.0
,0,0.0
,0,0.0
,0,0.0
,0,0.0
,0,0.0
,0,0.0
,0,0.0
,0,0.0
,0,0.0
360.85435990493204,0,0.0
370.6946592362989,0,0.0
,0,0.0
,0,0.0
253.6173475863288,0,0.0
485.73172117166473,1,0.0
480.58453321262635,0,0.0
,0,0.0
,0,0.0
,0,0.0
,0,0.0
,0,0.0
,0,0.0
,0,0.0
,0,0.0
476.0771070001593,0,0.0
480.83509723413573,1,0.0
371.0913678785606,1,0.0
204.36391561178382,1,0.0
216.7242589006572,1,0.0
287.80736517175,1,0.0
301.59069609478394,1,0.0
297.2326538208485,0,0.0
,0,0.0
194.77482929704183,1,0.0
,0,0.0
,0,0.0
,0,0.0
,0,0.0
,0,0.0
,0,0.0
,0,0.0
,0,0.0
,0,0.0
,0,0.0
,0,0.0
,0,0.0
,0,0.0
,0,0.0
,0,0.0
223.10279914093533,0,0.0
219.24962416461966,1,0.0
219.79018857347577,1,0.0
224.2749812279168,1,0.0
,0,0.0
,0,0.0
,0,0.0
,0,0.0
,0,0.0
,0,0.0
,0,0.0
,0,0.0
,0,0.0
,0,0.0
,0,0.0
,0,0.0
270.70468737819414,0,0.0
274.9130251462287,1,0.0
280.970341353613,0,0.0
,0,0.0
,0,0.0
,0,0.0
310.27722442740145,0,0.0
311.2819238967372,1,0.0
309.57003130297124,1,0.0
307.3099910838124,0,0.0
,0,0.0
,0,0.0
,0,0.0
,0,0.0
,0,0.0
,0,0.0
,0,0.0
,0,0.0
,0,0.0
,0,0.0
,0,0.0
389.8040549179097,1,0.0
398.91042748818,1,0.0
406.85679526476224,0,0.0
,0,0.0
,0,0.0
,0,0.0
,0,0.0
,0,0.0
,0,0.0
,0,0.0
,0,0.0
,0,0.0
,0,0.0
,0,0.0
,0,0.0
,0,0.0
,0,0.0
,0,0.0
,0,0.0
,0,0.0
,0,0.0
,0,0.0
,0,0.0
,0,0.0
,0,0.0
228.6525769518557,1,0.0
231.99369951848013,0,0.0
,0,0.0
,0,0.0
,0,0.0
,0,0.0
,0,0.0
,0,0.0
,0,0.0
,0,0.0
,0,0.0
,0,0.0
,0,0.0
,0,0.0
,0,0.0
,0,0.0
,0,0.0
,0,0.0
,0,0.0
,0,0.0
,0,0.0
,0,0.0
,0,0.0
,0,0.0
,0,0.0
,0,0.0
,0,0.0
,0,0.0
,0,0.0
,0,0.0
,0,0.0
,0,0.0
,0,0.0
,0,0.0
,0,0.0
,0,0.0
,0,0.0
,0,0.0
,0,0.0
,0,0.0
,0,0.0
,0,0.0
,0,0.0
,0,0.0
,0,0.0
,0,0.0
,0,0.0
,0,0.0
,0,0.0
,0,0.0
,0,0.0
,0,0.0
,0,0.0
,0,0.0
,0,0.0
,0,0.0
,0,0.0
,0,0.0
,0,0.0
,0,0.0
,0,0.0
,0,0.0
,0,0.0
,0,0.0
,0,0.0
,0,0.0
,0,0.0
,0,0.0
,0,0.0
,0,0.0
,0,0.0
,0,0.0
,0,0.0
,0,0.0
,0,0.0
,0,0.0
,0,0.0
,0,0.0
,0,0.0
,0,0.0
,0,0.0
,0,0.0
251.33194440790083,0,0.0
,0,0.0
265.5581638377081,0,0.0
295.9292374587344,1,0.0
355.6955843435596,1,0.0
,0,0.0
,0,0.0
,0,0.0
,0,0.0
,0,0.0
,0,0.0
,0,0.0
,0,0.0
,0,0.0
,0,0.0
,0,0.0
,0,0.0
,0,0.0
,0,0.0
,0,0.0
,0,0.0
,0,0.0
,0,0.0
,0,0.0
,0,0.0
,0,0.0
,0,0.0
,0,0.0
,0,0.0
,0,0.0
,0,0.0
,0,0.0
,0,0.0
,0,0.0
,0,0.0
,0,0.0
,0,0.0
132.63325670330724,1,0.0
132.9537028888297,0,0.0
,0,0.0
,0,0.0
,0,0.0
,0,0.0
,0,0.0
,0,0.0
,0,0.0
,0,0.0
,0,0.0
,0,0.0
,0,0.0
,0,0.0
,0,0.0
,0,0.0
,0,0.0
,0,0.0
,0,0.0
,0,0.0
,0,0.0
,0,0.0
,0,0.0
,0,0.0
,0,0.0
,0,0.0
,0,0.0
,0,0.0
,0,0.0
,0,0.0
,0,0.0
,0,0.0
,0,0.0
,0,0.0
,0,0.0
,0,0.0
,0,0.0
,0,0.0
,0,0.0
,0,0.0
,0,0.0
,0,0.0
,0,0.0
,0,0.0
,0,0.0
,0,0.0
,0,0.0
,0,0.0
,0,0.0
,0,0.0
,0,0.0
,0,0.0
,0,0.0
,0,0.0
,0,0.0
,0,0.0
,0,0.0
,0,0.0
,0,0.0
,0,0.0
,0,0.0
,0,0.0
,0,0.0
,0,0.0
,0,0.0
,0,0.0
,0,0.0
,0,0.0
,0,0.0
,0,0.0
,0,0.0
126.84683022462613,0,0.0
125.43311696743676,1,0.0
125.79488244944972,0,0.0
,0,0.0
,0,0.0
,0,0.0
,0,0.0
,0,0.0
,0,0.0
,0,0.0
,0,0.0
,0,0.0
,0,0.0
,0,0.0
,0,0.0
,0,0.0
,0,0.0
,0,0.0
,0,0.0
,0,0.0
,0,0.0
,0,0.0
,0,0.0
,0,0.0
,0,0.0
,0,0.0
,0,0.0
,0,0.0
,0,0.0
,0,0.0
,0,0.0
,0,0.0
,0,0.0
,0,0.0
,0,0.0
,0,0.0
,0,0.0
,0,0.0
,0,0.0
,0,0.0
,0,0.0
,0,0.0
,0,0.0
,0,0.0
,0,0.0
,0,0.0
,0,0.0
,0,0.0
,0,0.0
,0,0.0
,0,0.0
,0,0.0
,0,0.0
,0,0.0
,0,0.0
,0,0.0
,0,0.0
,0,0.0
,0,0.0
,0,0.0
,0,0.0
,0,0.0
,0,0.0
,0,0.0
,0,0.0
,0,0.0
,0,0.0
,0,0.0
,0,0.0
,0,0.0
,0,0.0
,0,0.0
,0,0.0
,0,0.0
,0,0.0
,0,0.0
,0,0.0
,0,0.0
,0,0.0
,0,0.0
,0,0.0
,0,0.0
,0,0.0
,0,0.0
,0,0.0
,0,0.0
,0,0.0
,0,0.0
,0,0.0
,0,0.0
,0,0.0
,0,0.0
,0,0.0
,0,0.0
,0,0.0
,0,0.0
,0,0.0
,0,0.0
,0,0.0
,0,0.0
,0,0.0
,0,0.0
,0,0.0
,0,0.0
,0,0.0
,0,0.0
,0,0.0
,0,0.0
,0,0.0
,0,0.0
,0,0.0
,0,0.0
,0,0.0
,0,0.0
,0,0.0
,0,0.0
,0,0.0
,0,0.0
,0,0.0
,0,0.0
,0,0.0
,0,0.0
,0,0.0
,0,0.0
,0,0.0
,0,0.0
,0,0.0
,0,0.0
,0,0.0
,0,0.0
,0,0.0
,0,0.0
,0,0.0
,0,0.0
,0,0.0
,0,0.0
,0,0.0
,0,0.0
,0,0.0
,0,0.0
,0,0.0
,0,0.0
,0,0.0
,0,0.0
,0,0.0
,0,0.0
,0,0.0
,0,0.0
,0,0.0
,0,0.0
,0,0.0
,0,0.0
,0,0.0
,0,0.0
,0,0.0
,0,0.0
,0,0.0
,0,0.0
,0,0.0
,0,0.0
,0,0.0
,0,0.0
,0,0.0
,0,0.0
,0,0.0
,0,0.0
,0,0.0
,0,0.0
,0,0.0
,0,0.0
,0,0.0
,0,0.0
,0,0.0
,0,0.0
,0,0.0
,0,0.0
,0,0.0
,0,0.0
,0,0.0
,0,0.0
,0,0.0
,0,0.0
,0,0.0
,0,0.0
,0,0.0
,0,0.0
,0,0.0
,0,0.0
,0,0.0
,0,0.0
,0,0.0
,0,0.0
,0,0.0
,0,0.0
,0,0.0
,0,0.0
,0,0.0
,0,0.0
,0,0.0
,0,0.0
,0,0.0
,0,0.0
,0,0.0
,0,0.0
,0,0.0
,0,0.0
,0,0.0
,0,0.0
,0,0.0
,0,0.0
,0,0.0
,0,0.0
,0,0.0
,0,0.0
,0,0.0
,0,0.0
,0,0.0
,0,0.0
,0,0.0
,0,0.0
,0,0.0
,0,0.0
,0,0.0
,0,0.0
,0,0.0
,0,0.0
,0,0.0
,0,0.0
,0,0.0
,0,0.0
,0,0.0
,0,0.0
,0,0.0
,0,0.0
,0,0.0
,0,0.0
,0,0.0
,0,0.0
,0,0.0
,0,0.0
,0,0.0
,0,0.0
,0,0.0
,0,0.0
,0,0.0
,0,0.0
,0,0.0
,0,0.0
,0,0.0
,0,0.0
,0,0.0
,0,0.0
,0,0.0
,0,0.0
,0,0.0
,0,0.0
,0,0.0
,0,0.0
,0,0.0
,0,0.0
,0,0.0
,0,0.0
,0,0.0
,0,0.0
,0,0.0
,0,0.0
,0,0.0
,0,0.0
,0,0.0
,0,0.0
,0,0.0
,0,0.0
,0,0.0
,0,0.0
,0,0.0
,0,0.0
,0,0.0
,0,0.0
,0,0.0
,0,0.0
,0,0.0
,0,0.0
,0,0.0
,0,0.0
,0,0.0
,0,0.0
,0,0.0
,0,0.0
,0,0.0
,0,0.0
,0,0.0
,0,0.0
,0,0.0
,0,0.0
,0,0.0
,0,0.0
,0,0.0
,0,0.0
,0,0.0
,0,0.0
,0,0.0
,0,0.0
,0,0.0
,0,0.0
,0,0.0
,0,0.0
,0,0.0
,0,0.0
,0,0.0
,0,0.0
,0,0.0
,0,0.0
,0,0.0
,0,0.0
,0,0.0
,0,0.0
,0,0.0
,0,0.0
,0,0.0
,0,0.0
,0,0.0
,0,0.0
,0,0.0
,0,0.0
,0,0.0
,0,0.0
,0,0.0
,0,0.0
,0,0.0
,0,0.0
,0,0.0
,0,0.0
,0,0.0
,0,0.0
,0,0.0
,0,0.0
,0,0.0
,0,0.0
,0,0.0
,0,0.0
,0,0.0
,0,0.0
,0,0.0
,0,0.0
,0,0.0
,0,0.0
,0,0.0
,0,0.0
,0,0.0
,0,0.0
,0,0.0
,0,0.0
,0,0.0
,0,0.0
,0,0.0
,0,0.0
,0,0.0
,0,0.0
,0,0.0
,0,0.0
,0,0.0
,0,0.0
,0,0.0
,0,0.0
,0,0.0
,0,0.0
,0,0.0
,0,0.0
,0,0.0
,0,0.0
,0,0.0
,0,0.0
,0,0.0
,0,0.0
,0,0.0
,0,0.0
,0,0.0
,0,0.0
,0,0.0
,0,0.0
,0,0.0
,0,0.0
,0,0.0
,0,0.0
,0,0.0
,0,0.0
,0,0.0
,0,0.0
,0,0.0
,0,0.0
,0,0.0
,0,0.0
,0,0.0
,0,0.0
,0,0.0
,0,0.0
,0,0.0
,0,0.0
,0,0.0
,0,0.0
,0,0.0
,0,0.0
,0,0.0
,0,0.0
,0,0.0
,0,0.0
,0,0.0
,0,0.0
,0,0.0
,0,0.0
,0,0.0
,0,0.0
,0,0.0
,0,0.0
,0,0.0
,0,0.0
,0,0.0
,0,0.0
,0,0.0
,0,0.0
,0,0.0
,0,0.0
,0,0.0
,0,0.0
,0,0.0
,0,0.0
,0,0.0
,0,0.0
,0,0.0
,0,0.0
,0,0.0
,0,0.0
,0,0.0
,0,0.0
,0,0.0
,0,0.0
,0,0.0
,0,0.0
,0,0.0
,0,0.0
,0,0.0
,0,0.0
,0,0.0
,0,0.0
,0,0.0
,0,0.0
,0,0.0
,0,0.0
,0,0.0
,0,0.0
,0,0.0
,0,0.0
,0,0.0
,0,0.0
,0,0.0
,0,0.0
,0,0.0
,0,0.0
,0,0.0
,0,0.0
,0,0.0
,0,0.0
,0,0.0
,0,0.0
,0,0.0
,0,0.0
,0,0.0
,0,0.0
,0,0.0
,0,0.0
,0,0.0
,0,0.0
,0,0.0
,0,0.0
,0,0.0
,0,0.0
,0,0.0
,0,0.0
,0,0.0
,0,0.0
,0,0.0
,0,0.0
,0,0.0
,0,0.0
,0,0.0
,0,0.0
,0,0.0
,0,0.0
,0,0.0
,0,0.0
,0,0.0
,0,0.0
,0,0.0
,0,0.0
,0,0.0
,0,0.0
,0,0.0
,0,0.0
,0,0.0
,0,0.0
,0,0.0
,0,0.0
,0,0.0
,0,0.0
,0,0.0
,0,0.0
,0,0.0
,0,0.0
,0,0.0
,0,0.0
,0,0.0
,0,0.0
,0,0.0
,0,0.0
,0,0.0
,0,0.0
,0,0.0
,0,0.0
,0,0.0
,0,0.0
,0,0.0
,0,0.0
,0,0.0
,0,0.0
,0,0.0
,0,0.0
,0,0.0
,0,0.0
,0,0.0
,0,0.0
,0,0.0
,0,0.0
,0,0.0
,0,0.0
,0,0.0
,0,0.0
,0,0.0
,0,0.0
,0,0.0
,0,0.0
,0,0.0
,0,0.0
,0,0.0
,0,0.0
,0,0.0
,0,0.0
,0,0.0
,0,0.0
,0,0.0
,0,0.0
,0,0.0
,0,0.0
,0,0.0
,0,0.0
,0,0.0
,0,0.0
,0,0.0
,0,0.0
,0,0.0
,0,0.0
,0,0.0
,0,0.0
,0,0.0
,0,0.0
,0,0.0
,0,0.0
,0,0.0
,0,0.0
,0,0.0
,0,0.0
,0,0.0
,0,0.0
,0,0.0
,0,0.0
,0,0.0
,0,0.0
,0,0.0
,0,0.0
,0,0.0
,0,0.0
,0,0.0
,0,0.0
,0,0.0
,0,0.0
,0,0.0
,0,0.0
,0,0.0
,0,0.0
,0,0.0
,0,0.0
,0,0.0
,0,0.0
,0,0.0
,0,0.0
,0,0.0
,0,0.0
,0,0.0
,0,0.0
,0,0.0
,0,0.0
,0,0.0
,0,0.0
,0,0.0
,0,0.0
,0,0.0
,0,0.0
,0,0.0
,0,0.0
,0,0.0
,0,0.0
,0,0.0
,0,0.0
,0,0.0
,0,0.0
,0,0.0
,0,0.0
,0,0.0
,0,0.0
,0,0.0
,0,0.0
,0,0.0
,0,0.0
,0,0.0
,0,0.0
,0,0.0
,0,0.0
,0,0.0
,0,0.0
,0,0.0
,0,0.0
,0,0.0
,0,0.0
,0,0.0
,0,0.0
,0,0.0
,0,0.0
,0,0.0
,0,0.0
,0,0.0
,0,0.0
,0,0.0
,0,0.0
,0,0.0
,0,0.0
,0,0.0
122.98530015492508,0,0.0
122.89123110868039,0,0.0
,0,0.0
,0,0.0
,0,0.0
,0,0.0
,0,0.0
,0,0.0
,0,0.0
,0,0.0
,0,0.0
,0,0.0
,0,0.0
,0,0.0
,0,0.0
,0,0.0
,0,0.0
,0,0.0
,0,0.0
,0,0.0
,0,0.0
,0,0.0
,0,0.0
,0,0.0
,0,0.0
,0,0.0
,0,0.0
,0,0.0
,0,0.0
,0,0.0
,0,0.0
,0,0.0
,0,0.0
,0,0.0
,0,0.0
,0,0.0
,0,0.0
,0,0.0
,0,0.0
,0,0.0
,0,0.0
,0,0.0
,0,0.0
,0,0.0
,0,0.0
,0,0.0
,0,0.0
,0,0.0
,0,0.0
,0,0.0
,0,0.0
,0,0.0
,0,0.0
,0,0.0
,0,0.0
,0,0.0
,0,0.0
,0,0.0
,0,0.0
,0,0.0
,0,0.0
,0,0.0
,0,0.0
,0,0.0
,0,0.0
,0,0.0
,0,0.0
,0,0.0
,0,0.0
,0,0.0
,0,0.0
,0,0.0
,0,0.0
,0,0.0
,0,0.0
,0,0.0
,0,0.0
,0,0.0
,0,0.0
,0,0.0
,0,0.0
,0,0.0
,0,0.0
,0,0.0
,0,0.0
,0,0.0
,0,0.0
,0,0.0
,0,0.0
,0,0.0
,0,0.0
,0,0.0
,0,0.0
,0,0.0
,0,0.0
,0,0.0
,0,0.0
,0,0.0
,0,0.0
,0,0.0
,0,0.0
,0,0.0
,0,0.0
,0,0.0
,0,0.0
,0,0.0
,0,0.0
,0,0.0
,0,0.0
,0,0.0
,0,0.0
,0,0.0
,0,0.0
,0,0.0
,0,0.0
,0,0.0
,0,0.0
,0,0.0
,0,0.0
,0,0.0
,0,0.0
,0,0.0
,0,0.0
,0,0.0
,0,0.0
,0,0.0
,0,0.0
,0,0.0
,0,0.0
,0,0.0
,0,0.0
,0,0.0
,0,0.0
,0,0.0
,0,0.0
,0,0.0
,0,0.0
,0,0.0
,0,0.0
,0,0.0
,0,0.0
,0,0.0
,0,0.0
,0,0.0
,0,0.0
,0,0.0
,0,0.0
,0,0.0
,0,0.0
,0,0.0
,0,0.0
,0,0.0
,0,0.0
,0,0.0
,0,0.0
,0,0.0
,0,0.0
,0,0.0
,0,0.0
,0,0.0
,0,0.0
,0,0.0
,0,0.0
,0,0.0
,0,0.0
,0,0.0
,0,0.0
,0,0.0
,0,0.0
,0,0.0
,0,0.0
,0,0.0
,0,0.0
,0,0.0
,0,0.0
,0,0.0
,0,0.0
,0,0.0
,0,0.0
,0,0.0
,0,0.0
,0,0.0
,0,0.0
,0,0.0
,0,0.0
,0,0.0
,0,0.0
,0,0.0
,0,0.0
,0,0.0
,0,0.0
,0,0.0
,0,0.0
,0,0.0
,0,0.0
,0,0.0
,0,0.0
,0,0.0
,0,0.0
,0,0.0
,0,0.0
,0,0.0
,0,0.0
,0,0.0
,0,0.0
,0,0.0
,0,0.0
,0,0.0
,0,0.0
,0,0.0
,0,0.0
,0,0.0
,0,0.0
,0,0.0
,0,0.0
,0,0.0
,0,0.0
,0,0.0
,0,0.0
,0,0.0
,0,0.0
,0,0.0
,0,0.0
,0,0.0
,0,0.0
,0,0.0
,0,0.0
,0,0.0
,0,0.0
,0,0.0
,0,0.0
,0,0.0
,0,0.0
,0,0.0
,0,0.0
,0,0.0
,0,0.0
,0,0.0
,0,0.0
,0,0.0
,0,0.0
,0,0.0
,0,0.0
,0,0.0
,0,0.0
,0,0.0
,0,0.0
,0,0.0
,0,0.0
,0,0.0
,0,0.0
,0,0.0
,0,0.0
,0,0.0
,0,0.0
,0,0.0
,0,0.0
,0,0.0
,0,0.0
,0,0.0
,0,0.0
,0,0.0
,0,0.0
,0,0.0
,0,0.0
,0,0.0
,0,0.0
,0,0.0
,0,0.0
,0,0.0
,0,0.0
,0,0.0
,0,0.0
,0,0.0
,0,0.0
,0,0.0
,0,0.0
,0,0.0
,0,0.0
,0,0.0
,0,0.0
,0,0.0
,0,0.0
,0,0.0
,0,0.0
,0,0.0
,0,0.0
,0,0.0
,0,0.0
,0,0.0
,0,0.0
,0,0.0
,0,0.0
,0,0.0
,0,0.0
,0,0.0
,0,0.0
,0,0.0
,0,0.0
,0,0.0
,0,0.0
,0,0.0
,0,0.0
,0,0.0
,0,0.0
,0,0.0
,0,0.0
,0,0.0
,0,0.0
,0,0.0
,0,0.0
,0,0.0
,0,0.0
,0,0.0
,0,0.0
,0,0.0
,0,0.0
,0,0.0
,0,0.0
,0,0.0
,0,0.0
,0,0.0
,0,0.0
,0,0.0
,0,0.0
,0,0.0
,0,0.0
,0,0.0
,0,0.0
,0,0.0
,0,0.0
,0,0.0
,0,0.0
,0,0.0
,0,0.0
,0,0.0
,0,0.0
,0,0.0
,0,0.0
,0,0.0
,0,0.0
,0,0.0
,0,0.0
,0,0.0
,0,0.0
,0,0.0
,0,0.0
,0,0.0
,0,0.0
,0,0.0
,0,0.0
,0,0.0
,0,0.0
,0,0.0
,0,0.0
,0,0.0
,0,0.0
,0,0.0
,0,0.0
,0,0.0
,0,0.0
,0,0.0
,0,0.0
,0,0.0
,0,0.0
,0,0.0
,0,0.0
,0,0.0
,0,0.0
,0,0.0
,0,0.0
,0,0.0
,0,0.0
,0,0.0
,0,0.0
,0,0.0
,0,0.0
,0,0.0
,0,0.0
,0,0.0
,0,0.0
,0,0.0
,0,0.0
,0,0.0
,0,0.0
,0,0.0
,0,0.0
,0,0.0
,0,0.0
,0,0.0
,0,0.0
,0,0.0
,0,0.0
,0,0.0
,0,0.0
,0,0.0
,0,0.0
,0,0.0
,0,0.0
,0,0.0
,0,0.0
,0,0.0
,0,0.0
,0,0.0
,0,0.0
,0,0.0
,0,0.0
,0,0.0
,0,0.0
,0,0.0
,0,0.0
,0,0.0
,0,0.0
,0,0.0
,0,0.0
,0,0.0
,0,0.0
,0,0.0
,0,0.0
,0,0.0
,0,0.0
,0,0.0
,0,0.0
,0,0.0
,0,0.0
,0,0.0
,0,0.0
,0,0.0
,0,0.0
,0,0.0
,0,0.0
,0,0.0
,0,0.0
,0,0.0
,0,0.0
,0,0.0
,0,0.0
,0,0.0
,0,0.0
,0,0.0
,0,0.0
,0,0.0
,0,0.0
,0,0.0
,0,0.0
,0,0.0
,0,0.0
,0,0.0
,0,0.0
,0,0.0
,0,0.0
,0,0.0
,0,0.0
,0,0.0
,0,0.0
,0,0.0
,0,0.0
,0,0.0
,0,0.0
,0,0.0
,0,0.0
,0,0.0
,0,0.0
,0,0.0
,0,0.0
,0,0.0
,0,0.0
,0,0.0
,0,0.0
,0,0.0
,0,0.0
,0,0.0
,0,0.0
,0,0.0
,0,0.0
,0,0.0
,0,0.0
,0,0.0
,0,0.0
,0,0.0
,0,0.0
,0,0.0
,0,0.0
,0,0.0
,0,0.0
,0,0.0
,0,0.0
,0,0.0
,0,0.0
,0,0.0
,0,0.0
,0,0.0
,0,0.0
,0,0.0
,0,0.0
,0,0.0
,0,0.0
,0,0.0
,0,0.0
,0,0.0
,0,0.0
,0,0.0
,0,0.0
,0,0.0
,0,0.0
,0,0.0
,0,0.0
,0,0.0
,0,0.0
,0,0.0
,0,0.0
,0,0.0
,0,0.0
,0,0.0
,0,0.0
,0,0.0
,0,0.0
,0,0.0
,0,0.0
,0,0.0
,0,0.0
,0,0.0
,0,0.0
,0,0.0
,0,0.0
,0,0.0
,0,0.0
,0,0.0
,0,0.0
,0,0.0
,0,0.0
,0,0.0
,0,0.0
,0,0.0
,0,0.0
,0,0.0
,0,0.0
,0,0.0
,0,0.0
,0,0.0
,0,0.0
,0,0.0
,0,0.0
,0,0.0
,0,0.0
,0,0.0
,0,0.0
,0,0.0
,0,0.0
,0,0.0
,0,0.0
,0,0.0
,0,0.0
,0,0.0
,0,0.0
,0,0.0
,0,0.0
,0,0.0
,0,0.0
,0,0.0
,0,0.0
,0,0.0
,0,0.0
,0,0.0
,0,0.0
,0,0.0
,0,0.0
,0,0.0
,0,0.0
,0,0.0
,0,0.0
,0,0.0
,0,0.0
,0,0.0
,0,0.0
,0,0.0
,0,0.0
,0,0.0
,0,0.0
,0,0.0
,0,0.0
,0,0.0
,0,0.0
,0,0.0
,0,0.0
,0,0.0
,0,0.0
,0,0.0
,0,0.0
,0,0.0
,0,0.0
,0,0.0
,0,0.0
,0,0.0
,0,0.0
,0,0.0
,0,0.0
,0,0.0
,0,0.0
,0,0.0
,0,0.0
,0,0.0
,0,0.0
,0,0.0
,0,0.0
,0,0.0
317.85010288119247,0,0.0
319.01091785659514,0,0.0
,0,0.0
,0,0.0
,0,0.0
,0,0.0
,0,0.0
,0,0.0
,0,0.0
,0,0.0
,0,0.0
,0,0.0
,0,0.0
,0,0.0
,0,0.0
,0,0.0
,0,0.0
,0,0.0
,0,0.0
,0,0.0
,0,0.0
,0,0.0
,0,0.0
,0,0.0
,0,0.0
,0,0.0
,0,0.0
,0,0.0
,0,0.0
,0,0.0
,0,0.0
,0,0.0
,0,0.0
,0,0.0
,0,0.0
,0,0.0
,0,0.0
,0,0.0
,0,0.0
,0,0.0
,0,0.0
,0,0.0
,0,0.0
,0,0.0
,0,0.0
,0,0.0
,0,0.0
,0,0.0
,0,0.0
,0,0.0
,0,0.0
,0,0.0
,0,0.0
,0,0.0
,0,0.0
,0,0.0
,0,0.0
,0,0.0
,0,0.0
,0,0.0
,0,0.0
,0,0.0
,0,0.0
,0,0.0
,0,0.0
,0,0.0
,0,0.0
,0,0.0
,0,0.0
,0,0.0
,0,0.0
,0,0.0
,0,0.0
,0,0.0
,0,0.0
,0,0.0
,0,0.0
,0,0.0
,0,0.0
,0,0.0
,0,0.0
,0,0.0
,0,0.0
,0,0.0
,0,0.0
,0,0.0
,0,0.0
,0,0.0
,0,0.0
,0,0.0
,0,0.0
,0,0.0
,0,0.0
,0,0.0
,0,0.0
,0,0.0
,0,0.0
,0,0.0
,0,0.0
,0,0.0
,0,0.0
,0,0.0
,0,0.0
,0,0.0
,0,0.0
,0,0.0
,0,0.0
,0,0.0
,0,0.0
,0,0.0
,0,0.0
,0,0.0
,0,0.0
,0,0.0
,0,0.0
,0,0.0
,0,0.0
,0,0.0
,0,0.0
,0,0.0
,0,0.0
,0,0.0
,0,0.0
,0,0.0
,0,0.0
,0,0.0
,0,0.0
,0,0.0
,0,0.0
,0,0.0
,0,0.0
,0,0.0
,0,0.0
,0,0.0
,0,0.0
,0,0.0
,0,0.0
,0,0.0
,0,0.0
,0,0.0
,0,0.0
,0,0.0
,0,0.0
,0,0.0
,0,0.0
,0,0.0
,0,0.0
,0,0.0
,0,0.0
,0,0.0
,0,0.0
,0,0.0
,0,0.0
,0,0.0
,0,0.0
,0,0.0
,0,0.0
,0,0.0
,0,0.0
,0,0.0
,0,0.0
,0,0.0
,0,0.0
,0,0.0
,0,0.0
,0,0.0
,0,0.0
,0,0.0
,0,0.0
,0,0.0
,0,0.0
,0,0.0
,0,0.0
,0,0.0
,0,0.0
,0,0.0
,0,0.0
,0,0.0
,0,0.0
,0,0.0
,0,0.0
,0,0.0
,0,0.0
,0,0.0
,0,0.0
,0,0.0
,0,0.0
,0,0.0
,0,0.0
,0,0.0
,0,0.0
,0,0.0
,0,0.0
,0,0.0
,0,0.0
,0,0.0
,0,0.0
,0,0.0
,0,0.0
,0,0.0
,0,0.0
,0,0.0
,0,0.0
,0,0.0
,0,0.0
,0,0.0
,0,0.0
,0,0.0
,0,0.0
,0,0.0
,0,0.0
,0,0.0
,0,0.0
,0,0.0
,0,0.0
,0,0.0
,0,0.0
,0,0.0
,0,0.0
,0,0.0
,0,0.0
,0,0.0
,0,0.0
,0,0.0
,0,0.0
,0,0.0
,0,0.0
,0,0.0
,0,0.0
,0,0.0
,0,0.0
,0,0.0
,0,0.0
,0,0.0
,0,0.0
,0,0.0
,0,0.0
,0,0.0
,0,0.0
,0,0.0
,0,0.0
,0,0.0
,0,0.0
,0,0.0
,0,0.0
,0,0.0
,0,0.0
,0,0.0
,0,0.0
,0,0.0
,0,0.0
,0,0.0
,0,0.0
,0,0.0
,0,0.0
,0,0.0
,0,0.0
,0,0.0
,0,0.0
,0,0.0
,0,0.0
,0,0.0
,0,0.0
,0,0.0
,0,0.0
,0,0.0
,0,0.0
,0,0.0
,0,0.0
,0,0.0
,0,0.0
,0,0.0
,0,0.0
,0,0.0
,0,0.0
,0,0.0
,0,0.0
,0,0.0
,0,0.0
,0,0.0
,0,0.0
,0,0.0
,0,0.0
,0,0.0
,0,0.0
,0,0.0
,0,0.0
,0,0.0
,0,0.0
,0,0.0
,0,0.0
,0,0.0
,0,0.0
,0,0.0
,0,0.0
,0,0.0
,0,0.0
,0,0.0
,0,0.0
,0,0.0
,0,0.0
,0,0.0
,0,0.0
,0,0.0
,0,0.0
,0,0.0
,0,0.0
,0,0.0
,0,0.0
,0,0.0
,0,0.0
,0,0.0
,0,0.0
,0,0.0
,0,0.0
,0,0.0
,0,0.0
,0,0.0
,0,0.0
,0,0.0
,0,0.0
,0,0.0
,0,0.0
,0,0.0
,0,0.0
,0,0.0
,0,0.0
,0,0.0
,0,0.0
,0,0.0
,0,0.0
,0,0.0
,0,0.0
,0,0.0
,0,0.0
,0,0.0
,0,0.0
,0,0.0
,0,0.0
,0,0.0
,0,0.0
,0,0.0
,0,0.0
,0,0.0
,0,0.0
,0,0.0
,0,0.0
,0,0.0
,0,0.0
,0,0.0
,0,0.0
,0,0.0
,0,0.0
,0,0.0
,0,0.0
,0,0.0
,0,0.0
,0,0.0
,0,0.0
,0,0.0
,0,0.0
,0,0.0
,0,0.0
,0,0.0
,0,0.0
,0,0.0
,0,0.0
,0,0.0
,0,0.0
,0,0.0
,0,0.0
,0,0.0
,0,0.0
,0,0.0
,0,0.0
,0,0.0
,0,0.0
,0,0.0
,0,0.0
,0,0.0
,0,0.0
,0,0.0
,0,0.0
,0,0.0
,0,0.0
,0,0.0
,0,0.0
,0,0.0
,0,0.0
,0,0.0
,0,0.0
,0,0.0
,0,0.0
,0,0.0
,0,0.0
,0,0.0
,0,0.0
,0,0.0
,0,0.0
,0,0.0
,0,0.0
,0,0.0
,0,0.0
,0,0.0
,0,0.0
,0,0.0
,0,0.0
,0,0.0
,0,0.0
,0,0.0
,0,0.0
,0,0.0
,0,0.0
,0,0.0
,0,0.0
,0,0.0
,0,0.0
,0,0.0
,0,0.0
,0,0.0
,0,0.0
,0,0.0
,0,0.0
,0,0.0
,0,0.0
,0,0.0
,0,0.0
,0,0.0
,0,0.0
,0,0.0
,0,0.0
,0,0.0
,0,0.0
,0,0.0
,0,0.0
,0,0.0
,0,0.0
,0,0.0
,0,0.0
,0,0.0
,0,0.0
,0,0.0
,0,0.0
,0,0.0
,0,0.0
,0,0.0
,0,0.0
,0,0.0
,0,0.0
,0,0.0
,0,0.0
,0,0.0
,0,0.0
,0,0.0
,0,0.0
,0,0.0
,0,0.0
,0,0.0
,0,0.0
,0,0.0
,0,0.0
,0,0.0
,0,0.0
,0,0.0
,0,0.0
,0,0.0
,0,0.0
,0,0.0
,0,0.0
,0,0.0
,0,0.0
,0,0.0
,0,0.0
,0,0.0
,0,0.0
,0,0.0
,0,0.0
,0,0.0
,0,0.0
,0,0.0
,0,0.0
,0,0.0
,0,0.0
,0,0.0
,0,0.0
,0,0.0
,0,0.0
,0,0.0
,0,0.0
,0,0.0
,0,0.0
,0,0.0
,0,0.0
,0,0.0
,0,0.0
,0,0.0
,0,0.0
,0,0.0
,0,0.0
,0,0.0
,0,0.0
,0,0.0
,0,0.0
,0,0.0
,0,0.0
,0,0.0
,0,0.0
,0,0.0
,0,0.0
,0,0.0
,0,0.0
,0,0.0
,0,0.0
,0,0.0
,0,0.0
,0,0.0
,0,0.0
,0,0.0
,0,0.0
,0,0.0
,0,0.0
,0,0.0
,0,0.0
,0,0.0
,0,0.0
,0,0.0
,0,0.0
,0,0.0
,0,0.0
,0,0.0
,0,0.0
,0,0.0
,0,0.0
,0,0.0
,0,0.0
,0,0.0
,0,0.0
,0,0.0
,0,0.0
,0,0.0
,0,0.0
,0,0.0
,0,0.0
,0,0.0
,0,0.0
,0,0.0
,0,0.0
,0,0.0
,0,0.0
,0,0.0
,0,0.0
,0,0.0
,0,0.0
,0,0.0
,0,0.0
,0,0.0
,0,0.0
,0,0.0
,0,0.0
,0,0.0
,0,0.0
,0,0.0
,0,0.0
,0,0.0
,0,0.0
,0,0.0
,0,0.0
,0,0.0
,0,0.0
,0,0.0
,0,0.0
,0,0.0
,0,0.0
,0,0.0
,0,0.0
,0,0.0
,0,0.0
,0,0.0
,0,0.0
,0,0.0
,0,0.0
,0,0.0
,0,0.0
,0,0.0
,0,0.0
,0,0.0
,0,0.0
,0,0.0
,0,0.0
,0,0.0
,0,0.0
,0,0.0
,0,0.0
,0,0.0
,0,0.0
,0,0.0
,0,0.0
,0,0.0
,0,0.0
,0,0.0
,0,0.0
,0,0.0
,0,0.0
,0,0.0
,0,0.0
,0,0.0
,0,0.0
,0,0.0
,0,0.0
,0,0.0
,0,0.0
,0,0.0
,0,0.0
,0,0.0
,0,0.0
,0,0.0
,0,0.0
,0,0.0
,0,0.0
,0,0.0
,0,0.0
,0,0.0
,0,0.0
,0,0.0
,0,0.0
,0,0.0
,0,0.0
,0,0.0
,0,0.0
,0,0.0
,0,0.0
,0,0.0
,0,0.0
,0,0.0
,0,0.0
,0,0.0
,0,0.0
,0,0.0
,0,0.0
,0,0.0
,0,0.0
,0,0.0
,0,0.0
,0,0.0
,0,0.0
,0,0.0
,0,0.0
,0,0.0
,0,0.0
,0,0.0
,0,0.0
,0,0.0
,0,0.0
,0,0.0
,0,0.0
,0,0.0
,0,0.0
,0,0.0
,0,0.0
,0,0.0
,0,0.0
,0,0.0
,0,0.0
,0,0.0
,0,0.0
,0,0.0
,0,0.0
,0,0.0
,0,0.0
,0,0.0
,0,0.0
,0,0.0
,0,0.0
,0,0.0
,0,0.0
,0,0.0
,0,0.0
,0,0.0
,0,0.0
,0,0.0
,0,0.0
,0,0.0
,0,0.0
,0,0.0
,0,0.0
,0,0.0
,0,0.0
,0,0.0
,0,0.0
,0,0.0
,0,0.0
,0,0.0
,0,0.0
,0,0.0
,0,0.0
,0,0.0
,0,0.0
,0,0.0
,0,0.0
,0,0.0
,0,0.0
,0,0.0
,0,0.0
,0,0.0
,0,0.0
,0,0.0
,0,0.0
,0,0.0
,0,0.0
,0,0.0
,0,0.0
,0,0.0
,0,0.0
,0,0.0
,0,0.0
,0,0.0
,0,0.0
,0,0.0
,0,0.0
,0,0.0
,0,0.0
,0,0.0
,0,0.0
,0,0.0
,0,0.0
,0,0.0
,0,0.0
,0,0.0
,0,0.0
,0,0.0
,0,0.0
,0,0.0
,0,0.0
,0,0.0
,0,0.0
,0,0.0
,0,0.0
,0,0.0
,0,0.0
,0,0.0
,0,0.0
,0,0.0
,0,0.0
,0,0.0
,0,0.0
,0,0.0
,0,0.0
,0,0.0
,0,0.0
,0,0.0
,0,0.0
,0,0.0
,0,0.0
,0,0.0
,0,0.0
,0,0.0
,0,0.0
,0,0.0
,0,0.0
,0,0.0
,0,0.0
,0,0.0
,0,0.0
,0,0.0
,0,0.0
,0,0.0
,0,0.0
,0,0.0
,0,0.0
,0,0.0
,0,0.0
,0,0.0
,0,0.0
,0,0.0
,0,0.0
,0,0.0
,0,0.0
,0,0.0
,0,0.0
,0,0.0
,0,0.0
,0,0.0
,0,0.0
,0,0.0
,0,0.0
,0,0.0
,0,0.0
,0,0.0
,0,0.0
,0,0.0
,0,0.0
,0,0.0
,0,0.0
,0,0.0
,0,0.0
,0,0.0
,0,0.0
,0,0.0
,0,0.0
,0,0.0
,0,0.0
,0,0.0
,0,0.0
,0,0.0
,0,0.0
,0,0.0
,0,0.0
,0,0.0
,0,0.0
,0,0.0
,0,0.0
,0,0.0
,0,0.0
,0,0.0
,0,0.0
,0,0.0
,0,0.0
,0,0.0
,0,0.0
,0,0.0
,0,0.0
,0,0.0
,0,0.0
,0,0.0
,0,0.0
,0,0.0
,0,0.0
,0,0.0
,0,0.0
,0,0.0
,0,0.0
,0,0.0
,0,0.0
,0,0.0
,0,0.0
,0,0.0
,0,0.0
,0,0.0
,0,0.0
,0,0.0
,0,0.0
,0,0.0
,0,0.0
,0,0.0
,0,0.0
,0,0.0
,0,0.0
,0,0.0
,0,0.0
,0,0.0
,0,0.0
,0,0.0
,0,0.0
,0,0.0
,0,0.0
,0,0.0
,0,0.0
,0,0.0
,0,0.0
,0,0.0
,0,0.0
,0,0.0
,0,0.0
,0,0.0
,0,0.0
,0,0.0
,0,0.0
,0,0.0
,0,0.0
,0,0.0
,0,0.0
,0,0.0
,0,0.0
,0,0.0
,0,0.0
,0,0.0
,0,0.0
,0,0.0
,0,0.0
,0,0.0
,0,0.0
,0,0.0
,0,0.0
,0,0.0
,0,0.0
,0,0.0
,0,0.0
,0,0.0
,0,0.0
,0,0.0
,0,0.0
,0,0.0
,0,0.0
,0,0.0
,0,0.0
,0,0.0
,0,0.0
,0,0.0
,0,0.0
,0,0.0
,0,0.0
,0,0.0
,0,0.0
,0,0.0
,0,0.0
,0,0.0
,0,0.0
,0,0.0
,0,0.0
,0,0.0
,0,0.0
,0,0.0
,0,0.0
,0,0.0
,0,0.0
,0,0.0
,0,0.0
,0,0.0
,0,0.0
,0,0.0
,0,0.0
,0,0.0
,0,0.0
,0,0.0
,0,0.0
,0,0.0
,0,0.0
,0,0.0
,0,0.0
,0,0.0
,0,0.0
,0,0.0
,0,0.0
,0,0.0
,0,0.0
,0,0.0
,0,0.0
,0,0.0
,0,0.0
,0,0.0
,0,0.0
,0,0.0
,0,0.0
,0,0.0
,0,0.0
,0,0.0
,0,0.0
,0,0.0
,0,0.0
,0,0.0
,0,0.0
,0,0.0
,0,0.0
,0,0.0
,0,0.0
,0,0.0
,0,0.0
,0,0.0
,0,0.0
,0,0.0
,0,0.0
,0,0.0
,0,0.0
,0,0.0
,0,0.0
,0,0.0
,0,0.0
,0,0.0
,0,0.0
,0,0.0
,0,0.0
,0,0.0
,0,0.0
,0,0.0
,0,0.0
,0,0.0
,0,0.0
,0,0.0
,0,0.0
,0,0.0
,0,0.0
,0,0.0
,0,0.0
,0,0.0
,0,0.0
,0,0.0
,0,0.0
,0,0.0
,0,0.0
,0,0.0
,0,0.0
,0,0.0
,0,0.0
,0,0.0
,0,0.0
,0,0.0
,0,0.0
,0,0.0
,0,0.0
,0,0.0
,0,0.0
,0,0.0
,0,0.0
,0,0.0
,0,0.0
,0,0.0
,0,0.0
,0,0.0
,0,0.0
,0,0.0
,0,0.0
,0,0.0
,0,0.0
,0,0.0
,0,0.0
,0,0.0
,0,0.0
,0,0.0
,0,0.0
,0,0.0
,0,0.0
,0,0.0
,0,0.0
,0,0.0
,0,0.0
,0,0.0
,0,0.0
,0,0.0
,0,0.0
,0,0.0
,0,0.0
,0,0.0
,0,0.0
,0,0.0
,0,0.0
,0,0.0
,0,0.0
,0,0.0
,0,0.0
,0,0.0
,0,0.0
,0,0.0
,0,0.0
,0,0.0
,0,0.0
,0,0.0
,0,0.0
,0,0.0
,0,0.0
,0,0.0
,0,0.0
,0,0.0
,0,0.0
,0,0.0
,0,0.0
,0,0.0
,0,0.0
,0,0.0
,0,0.0
,0,0.0
,0,0.0
,0,0.0
,0,0.0
,0,0.0
,0,0.0
,0,0.0
,0,0.0
,0,0.0
,0,0.0
,0,0.0
,0,0.0
,0,0.0
,0,0.0
,0,0.0
,0,0.0
,0,0.0
,0,0.0
,0,0.0
,0,0.0
,0,0.0
,0,0.0
,0,0.0
,0,0.0
,0,0.0
,0,0.0
,0,0.0
,0,0.0
,0,0.0
,0,0.0
,0,0.0
,0,0.0
,0,0.0
,0,0.0
,0,0.0
,0,0.0
,0,0.0
,0,0.0
,0,0.0
,0,0.0
,0,0.0
,0,0.0
,0,0.0
,0,0.0
,0,0.0
,0,0.0
,0,0.0
,0,0.0
,0,0.0
,0,0.0
,0,0.0
,0,0.0
,0,0.0
,0,0.0
,0,0.0
,0,0.0
,0,0.0
,0,0.0
,0,0.0
,0,0.0
,0,0.0
,0,0.0
,0,0.0
,0,0.0
,0,0.0
,0,0.0
,0,0.0
,0,0.0
,0,0.0
,0,0.0
,0,0.0
,0,0.0
,0,0.0
,0,0.0
,0,0.0
,0,0.0
,0,0.0
,0,0.0
,0,0.0
,0,0.0
,0,0.0
,0,0.0
,0,0.0
,0,0.0
,0,0.0
,0,0.0
,0,0.0
,0,0.0
,0,0.0
,0,0.0
,0,0.0
,0,0.0
,0,0.0
,0,0.0
,0,0.0
,0,0.0
,0,0.0
,0,0.0
,0,0.0
,0,0.0
,0,0.0
,0,0.0
,0,0.0
,0,0.0
,0,0.0
,0,0.0
,0,0.0
,0,0.0
,0,0.0
,0,0.0
,0,0.0
,0,0.0
,0,0.0
,0,0.0
,0,0.0
,0,0.0
,0,0.0
,0,0.0
,0,0.0
,0,0.0
,0,0.0
,0,0.0
,0,0.0
,0,0.0
,0,0.0
,0,0.0
,0,0.0
,0,0.0
,0,0.0
,0,0.0
,0,0.0
,0,0.0
,0,0.0
,0,0.0
,0,0.0
,0,0.0
,0,0.0
,0,0.0
,0,0.0
,0,0.0
,0,0.0
,0,0.0
,0,0.0
,0,0.0
,0,0.0
,0,0.0
,0,0.0
,0,0.0
,0,0.0
,0,0.0
,0,0.0
,0,0.0
,0,0.0
,0,0.0
,0,0.0
,0,0.0
,0,0.0
,0,0.0
,0,0.0
,0,0.0
,0,0.0
,0,0.0
,0,0.0
,0,0.0
,0,0.0
,0,0.0
,0,0.0
,0,0.0
,0,0.0
,0,0.0
,0,0.0
,0,0.0
,0,0.0
,0,0.0
,0,0.0
,0,0.0
,0,0.0
,0,0.0
,0,0.0
,0,0.0
,0,0.0
,0,0.0
,0,0.0
,0,0.0
,0,0.0
,0,0.0
,0,0.0
,0,0.0
,0,0.0
,0,0.0
,0,0.0
,0,0.0
,0,0.0
,0,0.0
,0,0.0
,0,0.0
,0,0.0
,0,0.0
,0,0.0
,0,0.0
,0,0.0
,0,0.0
,0,0.0
,0,0.0
,0,0.0
,0,0.0
,0,0.0
,0,0.0
,0,0.0
,0,0.0
,0,0.0
,0,0.0
,0,0.0
,0,0.0
,0,0.0
,0,0.0
,0,0.0
,0,0.0
,0,0.0
,0,0.0
,0,0.0
,0,0.0
,0,0.0
,0,0.0
,0,0.0
,0,0.0
,0,0.0
,0,0.0
,0,0.0
,0,0.0
,0,0.0
,0,0.0
,0,0.0
,0,0.0
,0,0.0
,0,0.0
,0,0.0
,0,0.0
,0,0.0
,0,0.0
,0,0.0
,0,0.0
,0,0.0
,0,0.0
,0,0.0
,0,0.0
,0,0.0
,0,0.0
,0,0.0
,0,0.0
,0,0.0
,0,0.0
,0,0.0
,0,0.0
,0,0.0
,0,0.0
,0,0.0
,0,0.0
,0,0.0
,0,0.0
,0,0.0
,0,0.0
,0,0.0
,0,0.0
,0,0.0
,0,0.0
,0,0.0
,0,0.0
,0,0.0
,0,0.0
,0,0.0
,0,0.0
,0,0.0
,0,0.0
,0,0.0
,0,0.0
,0,0.0
,0,0.0
,0,0.0
,0,0.0
,0,0.0
,0,0.0
,0,0.0
,0,0.0
,0,0.0
,0,0.0
,0,0.0
,0,0.0
,0,0.0
,0,0.0
,0,0.0
,0,0.0
,0,0.0
,0,0.0
,0,0.0
,0,0.0
,0,0.0
,0,0.0
,0,0.0
,0,0.0
,0,0.0
,0,0.0
,0,0.0
,0,0.0
,0,0.0
,0,0.0
,0,0.0
,0,0.0
,0,0.0
,0,0.0
,0,0.0
,0,0.0
,0,0.0
,0,0.0
,0,0.0
,0,0.0
,0,0.0
,0,0.0
,0,0.0
,0,0.0
,0,0.0
,0,0.0
,0,0.0
,0,0.0
,0,0.0
,0,0.0
,0,0.0
,0,0.0
,0,0.0
,0,0.0
,0,0.0
,0,0.0
,0,0.0
,0,0.0
,0,0.0
,0,0.0
,0,0.0
,0,0.0
,0,0.0
,0,0.0
,0,0.0
,0,0.0
,0,0.0
,0,0.0
,0,0.0
,0,0.0
,0,0.0
,0,0.0
,0,0.0
,0,0.0
,0,0.0
,0,0.0
,0,0.0
,0,0.0
,0,0.0
,0,0.0
,0,0.0
,0,0.0
,0,0.0
,0,0.0
,0,0.0
,0,0.0
,0,0.0
,0,0.0
,0,0.0
,0,0.0
,0,0.0
,0,0.0
,0,0.0
,0,0.0
,0,0.0
,0,0.0
,0,0.0
,0,0.0
,0,0.0
,0,0.0
,0,0.0
,0,0.0
,0,0.0
,0,0.0
,0,0.0
,0,0.0
,0,0.0
,0,0.0
,0,0.0
,0,0.0
,0,0.0
,0,0.0
,0,0.0
,0,0.0
,0,0.0
,0,0.0
,0,0.0
,0,0.0
,0,0.0
,0,0.0
,0,0.0
,0,0.0
,0,0.0
,0,0.0
,0,0.0
,0,0.0
,0,0.0
,0,0.0
,0,0.0
,0,0.0
,0,0.0
,0,0.0
,0,0.0
,0,0.0
,0,0.0
,0,0.0
,0,0.0
,0,0.0
,0,0.0
,0,0.0
,0,0.0
,0,0.0
,0,0.0
,0,0.0
,0,0.0
,0,0.0
,0,0.0
,0,0.0
,0,0.0
,0,0.0
,0,0.0
,0,0.0
,0,0.0
,0,0.0
,0,0.0
,0,0.0
,0,0.0
,0,0.0
,0,0.0
,0,0.0
,0,0.0
,0,0.0
,0,0.0
,0,0.0
,0,0.0
,0,0.0
,0,0.0
,0,0.0
,0,0.0
,0,0.0
,0,0.0
,0,0.0
,0,0.0
,0,0.0
,0,0.0
,0,0.0
,0,0.0
,0,0.0
,0,0.0
,0,0.0
,0,0.0
,0,0.0
,0,0.0
,0,0.0
,0,0.0
,0,0.0
,0,0.0
,0,0.0
,0,0.0
,0,0.0
,0,0.0
,0,0.0
,0,0.0
,0,0.0
,0,0.0
,0,0.0
,0,0.0
,0,0.0
,0,0.0
,0,0.0
,0,0.0
,0,0.0
,0,0.0
,0,0.0
,0,0.0
,0,0.0
,0,0.0
,0,0.0
,0,0.0
,0,0.0
,0,0.0
,0,0.0
,0,0.0
,0,0.0
,0,0.0
,0,0.0
,0,0.0
,0,0.0
,0,0.0
,0,0.0
,0,0.0
,0,0.0
,0,0.0
,0,0.0
,0,0.0
,0,0.0
,0,0.0
,0,0.0
,0,0.0
,0,0.0
,0,0.0
,0,0.0
,0,0.0
,0,0.0
,0,0.0
,0,0.0
,0,0.0
,0,0.0
,0,0.0
,0,0.0
,0,0.0
,0,0.0
,0,0.0
,0,0.0
,0,0.0
,0,0.0
,0,0.0
,0,0.0
,0,0.0
,0,0.0
,0,0.0
,0,0.0
,0,0.0
,0,0.0
,0,0.0
253.6221932449937,0,0.0
257.22542857530874,0,0.0
,0,0.0
,0,0.0
,0,0.0
,0,0.0
,0,0.0
,0,0.0
,0,0.0
,0,0.0
,0,0.0
,0,0.0
,0,0.0
,0,0.0
,0,0.0
,0,0.0
,0,0.0
,0,0.0
,0,0.0
,0,0.0
,0,0.0
,0,0.0
,0,0.0
,0,0.0
,0,0.0
,0,0.0
,0,0.0
,0,0.0
,0,0.0
,0,0.0
,0,0.0
,0,0.0
,0,0.0
,0,0.0
,0,0.0
,0,0.0
,0,0.0
,0,0.0
,0,0.0
,0,0.0
,0,0.0
,0,0.0
,0,0.0
,0,0.0
,0,0.0
,0,0.0
,0,0.0
,0,0.0
,0,0.0
,0,0.0
,0,0.0
,0,0.0
,0,0.0
,0,0.0
,0,0.0
,0,0.0
,0,0.0
,0,0.0
,0,0.0
,0,0.0
,0,0.0
,0,0.0
,0,0.0
,0,0.0
,0,0.0
,0,0.0
,0,0.0
,0,0.0
,0,0.0
,0,0.0
,0,0.0
,0,0.0
,0,0.0
,0,0.0
,0,0.0
,0,0.0
,0,0.0
,0,0.0
,0,0.0
,0,0.0
,0,0.0
,0,0.0
,0,0.0
,0,0.0
,0,0.0
,0,0.0
,0,0.0
,0,0.0
,0,0.0
,0,0.0
,0,0.0
,0,0.0
,0,0.0
,0,0.0
,0,0.0
,0,0.0
,0,0.0
,0,0.0
408.0164120712735,0,0.0
409.7738652079604,1,0.0
409.9589539699237,1,0.0
410.5506248280852,0,0.0
409.6896950520374,0,0.0
409.9308825088433,0,0.0
410.29314112993507,0,0.0
410.05819857815794,0,0.0
409.7053854667154,0,0.0
410.0114742362923,0,0.0
410.3303511395915,0,0.0
410.055372134004,0,0.0
409.9862120993788,0,0.0
409.93596287351176,0,0.0
410.4423679360716,0,0.0
410.33858195866264,0,0.0
410.2481379330956,0,0.0
409.90168241959196,0,0.0
410.1194173035483,0,0.0
271.55454066112384,0,0.0
,0,0.0
,0,0.0
,0,0.0
,0,0.0
,0,0.0
,0,0.0
,0,0.0
,0,0.0
,0,0.0
,0,0.0
408.21896841564916,0,0.0
409.79828463439713,0,0.0
410.29429815452386,0,0.0
410.1069229348679,0,0.0
410.0415064294588,0,0.0
409.96929572643467,0,0.0
410.47085954126425,0,0.0
410.04960082573666,0,0.0
410.23294464413544,0,0.0
409.96822409970696,0,0.0
410.79015404042576,0,0.0
410.1271712466176,0,0.0
410.1263094640504,0,0.0
409.9751419396409,0,0.0
410.34464548502984,0,0.0
410.2421676995277,0,0.0
409.5209778488725,0,0.0
409.4288056424853,0,0.0
410.0086659305402,0,0.0
410.769799178575,0,0.0
,0,0.0
,0,0.0
,0,0.0
,0,0.0
,0,0.0
,0,0.0
,0,0.0
,0,0.0
,0,0.0
,0,0.0
409.3345303402583,0,0.0
409.9047646496417,0,0.0
410.6248411337266,0,0.0
409.8588269370052,0,0.0
410.4575152021336,0,0.0
409.9896389999895,0,0.0
410.9927398882068,0,0.0
409.7742479647661,0,0.0
410.166691579456,0,0.0
409.9331618923007,0,0.0
410.8487685421676,0,0.0
409.9969662791409,0,0.0
409.9887944587938,0,0.0
410.08492851104774,0,0.0
410.949433664447,0,0.0
410.83030051466886,0,0.0
283.71124285266325,0,0.0
149.10809715150083,0,0.0
162.9237214122276,0,0.0
170.987012097939,0,0.0
152.45256176474925,0,0.0
,0,0.0
,0,0.0
212.92685405289606,0,0.0
195.9915265071056,0,0.0
179.97896229190883,0,0.0
187.7357784814464,0,0.0
,0,0.0
,0,0.0
,0,0.0
409.91367554818083,0,0.0
410.06686946521137,0,0.0
410.3644040933773,0,0.0
410.20710848867174,0,0.0
410.13055254076517,0,0.0
410.0736836699059,0,0.0
410.84854813581893,0,0.0
410.4985167831417,0,0.0
409.92347121460125,0,0.0
410.0451054107282,0,0.0
411.2335791853131,0,0.0
410.37712112779326,0,0.0
409.8711999771408,0,0.0
410.1001496092246,0,0.0
410.0226671695984,0,0.0
409.94969612334125,0,0.0
410.79593098403376,0,0.0
410.71030923835326,0,0.0
409.60518194300647,0,0.0
409.80911642852016,0,0.0
409.9628751184064,0,0.0
,0,0.0
,0,0.0
297.5729933099736,0,0.0
286.59647423286,0,0.0
,0,0.0
,0,0.0
,0,0.0
,0,0.0
,0,0.0
,0,0.0
409.86927939190736,0,0.0
409.8787357897997,0,0.0
410.3367642549651,0,0.0
410.1596601509646,0,0.0
409.26177737678967,0,0.0
,0,0.0
260.3906251821041,0,0.0
256.41446213992253,0,0.0
86.05891853348724,0,0.0
86.39835626537004,0,0.0
86.17320841231363,0,0.0
,0,0.0
,0,0.0
,0,0.0
,0,0.0
,0,0.0
,0,0.0
,0,0.0
,0,0.0
,0,0.0
,0,0.0
,0,0.0
,0,0.0
,0,0.0
,0,0.0
,0,0.0
,0,0.0
,0,0.0
,0,0.0
,0,0.0
,0,0.0
,0,0.0
,0,0.0
,0,0.0
,0,0.0
,0,0.0
,0,0.0
,0,0.0
,0,0.0
,0,0.0
,0,0.0
,0,0.0
,0,0.0
,0,0.0
,0,0.0
,0,0.0
,0,0.0
,0,0.0
,0,0.0
,0,0.0
,0,0.0
,0,0.0
,0,0.0
,0,0.0
,0,0.0
,0,0.0
,0,0.0
,0,0.0
,0,0.0
,0,0.0
,0,0.0
,0,0.0
,0,0.0
,0,0.0
,0,0.0
,0,0.0
,0,0.0
,0,0.0
,0,0.0
,0,0.0
,0,0.0
,0,0.0
,0,0.0
,0,0.0
,0,0.0
,0,0.0
,0,0.0
,0,0.0
,0,0.0
,0,0.0
,0,0.0
,0,0.0
,0,0.0
,0,0.0
,0,0.0
,0,0.0
,0,0.0
,0,0.0
,0,0.0
,0,0.0
,0,0.0
,0,0.0
,0,0.0
,0,0.0
,0,0.0
,0,0.0
,0,0.0
,0,0.0
,0,0.0
,0,0.0
,0,0.0
,0,0.0
,0,0.0
,0,0.0
,0,0.0
,0,0.0
,0,0.0
,0,0.0
,0,0.0
,0,0.0
,0,0.0
,0,0.0
,0,0.0
,0,0.0
,0,0.0
,0,0.0
,0,0.0
,0,0.0
,0,0.0
,0,0.0
,0,0.0
,0,0.0
,0,0.0
,0,0.0
,0,0.0
,0,0.0
,0,0.0
,0,0.0
,0,0.0
,0,0.0
,0,0.0
,0,0.0
,0,0.0
,0,0.0
,0,0.0
,0,0.0
,0,0.0
,0,0.0
,0,0.0
,0,0.0
,0,0.0
,0,0.0
,0,0.0
,0,0.0
,0,0.0
,0,0.0
,0,0.0
,0,0.0
,0,0.0
,0,0.0
,0,0.0
,0,0.0
,0,0.0
,0,0.0
,0,0.0
,0,0.0
,0,0.0
,0,0.0
,0,0.0
,0,0.0
,0,0.0
,0,0.0
,0,0.0
,0,0.0
,0,0.0
,0,0.0
,0,0.0
,0,0.0
,0,0.0
,0,0.0
,0,0.0
,0,0.0
,0,0.0
,0,0.0
,0,0.0
,0,0.0
,0,0.0
,0,0.0
,0,0.0
,0,0.0
,0,0.0
,0,0.0
,0,0.0
,0,0.0
,0,0.0
,0,0.0
,0,0.0
,0,0.0
,0,0.0
,0,0.0
,0,0.0
,0,0.0
,0,0.0
,0,0.0
,0,0.0
,0,0.0
,0,0.0
,0,0.0
,0,0.0
,0,0.0
,0,0.0
,0,0.0
,0,0.0
,0,0.0
,0,0.0
,0,0.0
,0,0.0
,0,0.0
,0,0.0
,0,0.0
,0,0.0
,0,0.0
,0,0.0
,0,0.0
,0,0.0
,0,0.0
,0,0.0
,0,0.0
,0,0.0
,0,0.0
,0,0.0
,0,0.0
,0,0.0
,0,0.0
,0,0.0
,0,0.0
,0,0.0
,0,0.0
,0,0.0
,0,0.0
,0,0.0
,0,0.0
,0,0.0
,0,0.0
,0,0.0
,0,0.0
,0,0.0
,0,0.0
,0,0.0
,0,0.0
,0,0.0
,0,0.0
,0,0.0
,0,0.0
,0,0.0
,0,0.0
,0,0.0
,0,0.0
,0,0.0
,0,0.0
,0,0.0
,0,0.0
,0,0.0
,0,0.0
,0,0.0
,0,0.0
,0,0.0
,0,0.0
,0,0.0
,0,0.0
,0,0.0
,0,0.0
,0,0.0
,0,0.0
,0,0.0
,0,0.0
,0,0.0
,0,0.0
,0,0.0
,0,0.0
,0,0.0
,0,0.0
,0,0.0
,0,0.0
,0,0.0
,0,0.0
,0,0.0
,0,0.0
,0,0.0
,0,0.0
,0,0.0
,0,0.0
,0,0.0
,0,0.0
,0,0.0
,0,0.0
,0,0.0
,0,0.0
,0,0.0
,0,0.0
,0,0.0
,0,0.0
,0,0.0
,0,0.0
,0,0.0
,0,0.0
,0,0.0
,0,0.0
,0,0.0
,0,0.0
,0,0.0
,0,0.0
,0,0.0
,0,0.0
,0,0.0
,0,0.0
,0,0.0
,0,0.0
,0,0.0
,0,0.0
,0,0.0
,0,0.0
,0,0.0
,0,0.0
,0,0.0
,0,0.0
,0,0.0
,0,0.0
,0,0.0
,0,0.0
,0,0.0
,0,0.0
,0,0.0
,0,0.0
,0,0.0
,0,0.0
,0,0.0
,0,0.0
,0,0.0
,0,0.0
,0,0.0
,0,0.0
,0,0.0
,0,0.0
,0,0.0
,0,0.0
,0,0.0
,0,0.0
,0,0.0
,0,0.0
,0,0.0
,0,0.0
,0,0.0
,0,0.0
,0,0.0
,0,0.0
,0,0.0
,0,0.0
,0,0.0
,0,0.0
,0,0.0
,0,0.0
,0,0.0
,0,0.0
,0,0.0
,0,0.0
,0,0.0
,0,0.0
,0,0.0
,0,0.0
,0,0.0
,0,0.0
,0,0.0
,0,0.0
,0,0.0
,0,0.0
,0,0.0
,0,0.0
,0,0.0
,0,0.0
,0,0.0
,0,0.0
,0,0.0
,0,0.0
,0,0.0
,0,0.0
,0,0.0
,0,0.0
,0,0.0
,0,0.0
,0,0.0
,0,0.0
,0,0.0
,0,0.0
,0,0.0
,0,0.0
,0,0.0
,0,0.0
,0,0.0
,0,0.0
,0,0.0
,0,0.0
,0,0.0
,0,0.0
,0,0.0
,0,0.0
,0,0.0
,0,0.0
,0,0.0
,0,0.0
,0,0.0
,0,0.0
,0,0.0
,0,0.0
,0,0.0
,0,0.0
,0,0.0
,0,0.0
,0,0.0
,0,0.0
,0,0.0
,0,0.0
,0,0.0
,0,0.0
,0,0.0
,0,0.0
,0,0.0
,0,0.0
,0,0.0
,0,0.0
,0,0.0
,0,0.0
,0,0.0
,0,0.0
,0,0.0
,0,0.0
,0,0.0
,0,0.0
,0,0.0
,0,0.0
,0,0.0
,0,0.0
,0,0.0
,0,0.0
,0,0.0
,0,0.0
,0,0.0
,0,0.0
,0,0.0
,0,0.0
,0,0.0
,0,0.0
,0,0.0
,0,0.0
,0,0.0
,0,0.0
,0,0.0
,0,0.0
,0,0.0
,0,0.0
,0,0.0
,0,0.0
,0,0.0
,0,0.0
,0,0.0
,0,0.0
,0,0.0
261.02031817498045,0,0.3333333333333333
261.58977518213067,0,1.0
,0,0.0
261.3792174816306,0,0.3333333333333333
276.1182337303434,0,1.0
313.0020611745332,0,1.0
330.52563859097023,0,1.0
317.24182581245634,0,0.25
,0,0.0
,0,0.0
,0,0.0
,0,0.0
,0,0.0
,0,0.0
,0,0.0
,0,0.0
,0,0.0
,0,0.0
,0,0.0
,0,0.0
,0,0.0
,0,0.0
,0,0.0
,0,0.0
,0,0.0
,0,0.0
,0,0.0
,0,0.0
,0,0.0
,0,0.0
,0,0.0
,0,0.0
,0,0.0
,0,0.0
,0,0.0
,0,0.0
,0,0.0
,0,0.0
,0,0.0
,0,0.0
,0,0.0
,0,0.0
,0,0.0
,0,0.0
,0,0.0
,0,0.0
,0,0.0
,0,0.0
,0,0.0
,0,0.0
,0,0.0
,0,0.0
,0,0.0
,0,0.0
,0,0.0
,0,0.0
,0,0.0
,0,0.0
,0,0.0
,0,0.0
,0,0.0
,0,0.0
,0,0.0
,0,0.0
,0,0.0
,0,0.0
,0,0.0
,0,0.0
,0,0.0
,0,0.0
,0,0.0
,0,0.0
,0,0.0
,0,0.0
,0,0.0
,0,0.0
,0,0.0
,0,0.0
,0,0.0
,0,0.0
,0,0.0
,0,0.0
,0,0.0
,0,0.0
,0,0.0
,0,0.0
,0,0.0
,0,0.0
,0,0.0
,0,0.0
,0,0.0
,0,0.0
,0,0.0
,0,0.0
,0,0.0
,0,0.0
,0,0.0
,0,0.0
,0,0.0
,0,0.0
,0,0.0
,0,0.0
,0,0.0
,0,0.0
,0,0.0
,0,0.0
,0,0.0
,0,0.0
,0,0.0
,0,0.0
,0,0.0
,0,0.0
,0,0.0
,0,0.0
,0,0.0
,0,0.0
,0,0.0
,0,0.0
,0,0.0
,0,0.0
,0,0.0
,0,0.0
,0,0.0
,0,0.0
,0,0.0
,0,0.0
,0,0.0
,0,0.0
,0,0.0
,0,0.0
,0,0.0
,0,0.0
,0,0.0
,0,0.0
,0,0.0
,0,0.0
,0,0.0
,0,0.0
,0,0.0
,0,0.0
,0,0.0
,0,0.0
,0,0.0
,0,0.0
,0,0.0
,0,0.0
,0,0.0
,0,0.0
,0,0.0
,0,0.0
,0,0.0
,0,0.0
,0,0.0
,0,0.0
,0,0.0
,0,0.0
,0,0.0
,0,0.0
,0,0.0
,0,0.0
,0,0.0
,0,0.0
,0,0.0
,0,0.0
,0,0.0
,0,0.0
,0,0.0
,0,0.0
,0,0.0
,0,0.0
,0,0.0
,0,0.0
,0,0.0
,0,0.0
,0,0.0
,0,0.0
,0,0.0
,0,0.0
,0,0.0
,0,0.0
,0,0.0
,0,0.0
,0,0.0
,0,0.0
,0,0.0
,0,0.0
,0,0.0
,0,0.0
,0,0.0
,0,0.0
,0,0.0
,0,0.0
,0,0.0
,0,0.0
,0,0.0
,0,0.0
,0,0.0
,0,0.0
,0,0.0
,0,0.0
,0,0.0
,0,0.0
,0,0.0
,0,0.0
,0,0.0
,0,0.0
,0,0.0
,0,0.0
,0,0.0
,0,0.0
,0,0.0
,0,0.0
,0,0.0
,0,0.0
,0,0.0
,0,0.0
,0,0.0
,0,0.0
,0,0.0
,0,0.0
,0,0.0
,0,0.0
,0,0.0
,0,0.0
,0,0.0
,0,0.0
,0,0.0
,0,0.0
,0,0.0
,0,0.0
,0,0.0
,0,0.0
,0,0.0
,0,0.0
,0,0.0
,0,0.0
,0,0.0
,0,0.0
,0,0.0
,0,0.0
,0,0.0
,0,0.0
,0,0.0
,0,0.0
,0,0.0
,0,0.0
,0,0.0
,0,0.0
,0,0.0
,0,0.0
,0,0.0
,0,0.0
,0,0.0
,0,0.0
,0,0.0
,0,0.0
,0,0.0
,0,0.0
,0,0.0
,0,0.0
,0,0.0
,0,0.0
,0,0.0
,0,0.0
,0,0.0
,0,0.0
,0,0.0
,0,0.0
,0,0.0
,0,0.0
,0,0.0
,0,0.0
,0,0.0
,0,0.0
,0,0.0
,0,0.0
,0,0.0
,0,0.0
,0,0.0
,0,0.0
,0,0.0
,0,0.0
,0,0.0
,0,0.0
,0,0.0
,0,0.0
,0,0.0
,0,0.0
,0,0.0
,0,0.0
,0,0.0
,0,0.0
,0,0.0
,0,0.0
,0,0.0
,0,0.0
,0,0.0
,0,0.0
,0,0.0
,0,0.0
,0,0.0
,0,0.0
,0,0.0
,0,0.0
,0,0.0
,0,0.0
,0,0.0
,0,0.0
,0,0.0
,0,0.0
,0,0.0
,0,0.0
,0,0.0
,0,0.0
,0,0.0
,0,0.0
,0,0.0
,0,0.0
,0,0.0
,0,0.0
,0,0.0
,0,0.0
,0,0.0
,0,0.0
,0,0.0
,0,0.0
,0,0.0
,0,0.0
,0,0.0
,0,0.0
,0,0.0
,0,0.0
,0,0.0
,0,0.0
,0,0.0
,0,0.0
,0,0.0
,0,0.0
,0,0.0
,0,0.0
,0,0.0
,0,0.0
,0,0.0
,0,0.0
,0,0.0
,0,0.0
,0,0.0
,0,0.0
,0,0.0
,0,0.0
,0,0.0
,0,0.0
,0,0.0
,0,0.0
,0,0.0
,0,0.0
,0,0.0
,0,0.0
,0,0.0
,0,0.0
,0,0.0
,0,0.0
,0,0.0
,0,0.0
,0,0.0
,0,0.0
,0,0.0
,0,0.0
,0,0.0
,0,0.0
,0,0.0
,0,0.0
,0,0.0
,0,0.0
,0,0.0
,0,0.0
,0,0.0
,0,0.0
,0,0.0
,0,0.0
,0,0.0
,0,0.0
,0,0.0
,0,0.0
,0,0.0
,0,0.0
,0,0.0
,0,0.0
,0,0.0
,0,0.0
,0,0.0
,0,0.0
,0,0.0
,0,0.0
,0,0.0
,0,0.0
,0,0.0
,0,0.0
,0,0.0
,0,0.0
,0,0.0
,0,0.0
,0,0.0
,0,0.0
,0,0.0
,0,0.0
,0,0.0
,0,0.0
,0,0.0
,0,0.0
,0,0.0
,0,0.0
,0,0.0
,0,0.0
,0,0.0
,0,0.0
,0,0.0
,0,0.0
,0,0.0
,0,0.0
,0,0.0
,0,0.0
,0,0.0
,0,0.0
,0,0.0
,0,0.0
,0,0.0
,0,0.0
,0,0.0
,0,0.0
,0,0.0
,0,0.0
,0,0.0
,0,0.0
,0,0.0
,0,0.0
,0,0.0
,0,0.0
,0,0.0
,0,0.0
,0,0.0
,0,0.0
,0,0.0
,0,0.0
,0,0.0
,0,0.0
,0,0.0
,0,0.0
,0,0.0
,0,0.0
,0,0.0
,0,0.0
,0,0.0
,0,0.0
,0,0.0
,0,0.0
,0,0.0
,0,0.0
,0,0.0
,0,0.0
,0,0.0
,0,0.0
,0,0.0
,0,0.0
,0,0.0
,0,0.0
,0,0.0
,0,0.0
,0,0.0
,0,0.0
,0,0.0
,0,0.0
,0,0.0
,0,0.0
,0,0.0
,0,0.0
,0,0.0
,0,0.0
,0,0.0
293.9833955787106,0,0.5
295.01318204351077,0,1.0
294.6121242493266,0,1.0
295.2505334851674,0,0.25
,0,0.0
,0,0.0
,0,0.0
,0,0.0
,0,0.0
,0,0.0
,0,0.0
,0,0.0
,0,0.0
,0,0.0
,0,0.0
,0,0.0
,0,0.0
,0,0.0
,0,0.0
,0,0.0
,0,0.0
,0,0.0
,0,0.0
,0,0.0
,0,0.0
,0,0.0
,0,0.0
,0,0.0
,0,0.0
,0,0.0
,0,0.0
,0,0.0
,0,0.0
,0,0.0
,0,0.0
,0,0.0
,0,0.0
,0,0.0
,0,0.0
,0,0.0
,0,0.0
,0,0.0
,0,0.0
,0,0.0
,0,0.0
,0,0.0
,0,0.0
,0,0.0
,0,0.0
,0,0.0
,0,0.0
,0,0.0
,0,0.0
,0,0.0
,0,0.0
,0,0.0
,0,0.0
,0,0.0
,0,0.0
,0,0.0
,0,0.0
,0,0.0
,0,0.0
,0,0.0
,0,0.0
,0,0.0
,0,0.0
,0,0.0
,0,0.0
,0,0.0
,0,0.0
,0,0.0
,0,0.0
,0,0.0
,0,0.0
,0,0.0
,0,0.0
,0,0.0
,0,0.0
,0,0.0
,0,0.0
,0,0.0
,0,0.0
,0,0.0
,0,0.0
,0,0.0
,0,0.0
,0,0.0
,0,0.0
,0,0.0
,0,0.0
,0,0.0
,0,0.0
,0,0.0
,0,0.0
,0,0.0
,0,0.0
,0,0.0
,0,0.0
,0,0.0
,0,0.0
,0,0.0
,0,0.0
,0,0.0
,0,0.0
,0,0.0
,0,0.0
,0,0.0
,0,0.0
,0,0.0
,0,0.0
,0,0.0
,0,0.0
,0,0.0
,0,0.0
,0,0.0
,0,0.0
,0,0.0
,0,0.0
,0,0.0
,0,0.0
,0,0.0
,0,0.0
,0,0.0
,0,0.0
,0,0.0
,0,0.0
,0,0.0
,0,0.0
,0,0.0
,0,0.0
,0,0.0
,0,0.0
,0,0.0
,0,0.0
,0,0.0
,0,0.0
,0,0.0
,0,0.0
,0,0.0
,0,0.0
,0,0.0
,0,0.0
,0,0.0
,0,0.0
,0,0.0
,0,0.0
283.1000242567787,0,0.3333333333333333
286.55582887962817,0,0.3333333333333333
,0,0.0
,0,0.0
,0,0.0
,0,0.0
,0,0.0
,0,0.0
,0,0.0
,0,0.0
,0,0.0
,0,0.0
,0,0.0
,0,0.0
,0,0.0
,0,0.0
,0,0.0
,0,0.0
,0,0.0
,0,0.0
,0,0.0
,0,0.0
,0,0.0
,0,0.0
,0,0.0
,0,0.0
,0,0.0
,0,0.0
,0,0.0
,0,0.0
,0,0.0
,0,0.0
,0,0.0
,0,0.0
,0,0.0
,0,0.0
,0,0.0
,0,0.0
,0,0.0
,0,0.0
,0,0.0
,0,0.0
,0,0.0
,0,0.0
,0,0.0
,0,0.0
,0,0.0
,0,0.0
,0,0.0
,0,0.0
,0,0.0
,0,0.0
,0,0.0
,0,0.0
,0,0.0
,0,0.0
,0,0.0
,0,0.0
,0,0.0
,0,0.0
,0,0.0
,0,0.0
,0,0.0
,0,0.0
,0,0.0
,0,0.0
,0,0.0
,0,0.0
,0,0.0
,0,0.0
,0,0.0
,0,0.0
,0,0.0
,0,0.0
,0,0.0
,0,0.0
,0,0.0
,0,0.0
,0,0.0
,0,0.0
,0,0.0
,0,0.0
,0,0.0
,0,0.0
,0,0.0
,0,0.0
,0,0.0
,0,0.0
,0,0.0
,0,0.0
,0,0.0
,0,0.0
,0,0.0
,0,0.0
,0,0.0
,0,0.0
,0,0.0
,0,0.0
,0,0.0
,0,0.0
,0,0.0
,0,0.0
,0,0.0
,0,0.0
,0,0.0
,0,0.0
,0,0.0
,0,0.0
,0,0.0
,0,0.0
,0,0.0
,0,0.0
,0,0.0
,0,0.0
,0,0.0
,0,0.0
,0,0.0
,0,0.0
,0,0.0
,0,0.0
,0,0.0
,0,0.0
,0,0.0
,0,0.0
,0,0.0
,0,0.0
,0,0.0
,0,0.0
,0,0.0
,0,0.0
,0,0.0
,0,0.0
,0,0.0
,0,0.0
,0,0.0
,0,0.0
,0,0.0
,0,0.0
,0,0.0
,0,0.0
,0,0.0
,0,0.0
,0,0.0
,0,0.0
,0,0.0
,0,0.0
,0,0.0
,0,0.0
,0,0.0
,0,0.0
,0,0.0
,0,0.0
,0,0.0
,0,0.0
,0,0.0
,0,0.0
,0,0.0
,0,0.0
,0,0.0
,0,0.0
,0,0.0
,0,0.0
,0,0.0
,0,0.0
,0,0.0
,0,0.0
,0,0.0
,0,0.0
,0,0.0
,0,0.0
,0,0.0
,0,0.0
,0,0.0
,0,0.0
,0,0.0
,0,0.0
,0,0.0
,0,0.0
,0,0.0
,0,0.0
,0,0.0
,0,0.0
,0,0.0
,0,0.0
,0,0.0
,0,0.0
,0,0.0
,0,0.0
,0,0.0
,0,0.0
,0,0.0
,0,0.0
,0,0.0
,0,0.0
,0,0.0
,0,0.0
,0,0.0
,0,0.0
,0,0.0
,0,0.0
,0,0.0
,0,0.0
,0,0.0
,0,0.0
,0,0.0
,0,0.0
,0,0.0
,0,0.0
,0,0.0
,0,0.0
,0,0.0
,0,0.0
,0,0.0
,0,0.0
,0,0.0
,0,0.0
,0,0.0
,0,0.0
,0,0.0
,0,0.0
,0,0.0
,0,0.0
,0,0.0
,0,0.0
,0,0.0
,0,0.0
,0,0.0
,0,0.0
,0,0.0
,0,0.0
,0,0.0
,0,0.0
,0,0.0
,0,0.0
,0,0.0
,0,0.0
,0,0.0
,0,0.0
,0,0.0
,0,0.0
,0,0.0
,0,0.0
,0,0.0
,0,0.0
,0,0.0
,0,0.0
,0,0.0
,0,0.0
,0,0.0
,0,0.0
,0,0.0
,0,0.0
,0,0.0
,0,0.0
,0,0.0
,0,0.0
,0,0.0
,0,0.0
,0,0.0
,0,0.0
,0,0.0
,0,0.0
,0,0.0
,0,0.0
,0,0.0
,0,0.0
,0,0.0
,0,0.0
,0,0.0
,0,0.0
,0,0.0
,0,0.0
,0,0.0
,0,0.0
,0,0.0
,0,0.0
,0,0.0
,0,0.0
,0,0.0
,0,0.0
,0,0.0
,0,0.0
,0,0.0
,0,0.0
,0,0.0
,0,0.0
,0,0.0
,0,0.0
,0,0.0
,0,0.0
,0,0.0
,0,0.0
,0,0.0
,0,0.0
,0,0.0
,0,0.0
,0,0.0
,0,0.0
,0,0.0
,0,0.0
,0,0.0
,0,0.0
,0,0.0
,0,0.0
,0,0.0
,0,0.0
,0,0.0
,0,0.0
,0,0.0
,0,0.0
,0,0.0
,0,0.0
,0,0.0
,0,0.0
,0,0.0
,0,0.0
,0,0.0
,0,0.0
,0,0.0
,0,0.0
,0,0.0
,0,0.0
,0,0.0
,0,0.0
,0,0.0
,0,0.0
,0,0.0
,0,0.0
,0,0.0
,0,0.0
,0,0.0
,0,0.0
,0,0.0
,0,0.0
,0,0.0
,0,0.0
,0,0.0
,0,0.0
,0,0.0
,0,0.0
,0,0.0
,0,0.0
,0,0.0
,0,0.0
,0,0.0
,0,0.0
,0,0.0
,0,0.0
,0,0.0
,0,0.0
,0,0.0
,0,0.0
,0,0.0
,0,0.0
,0,0.0
,0,0.0
,0,0.0
,0,0.0
,0,0.0
,0,0.0
,0,0.0
,0,0.0
,0,0.0
,0,0.0
,0,0.0
,0,0.0
,0,0.0
,0,0.0
,0,0.0
,0,0.0
,0,0.0
,0,0.0
,0,0.0
,0,0.0
,0,0.0
,0,0.0
,0,0.0
,0,0.0
,0,0.0
,0,0.0
,0,0.0
,0,0.0
,0,0.0
,0,0.0
,0,0.0
,0,0.0
,0,0.0
,0,0.0
,0,0.0
,0,0.0
,0,0.0
,0,0.0
,0,0.0
,0,0.0
,0,0.0
,0,0.0
,0,0.0
,0,0.0
,0,0.0
,0,0.0
,0,0.0
,0,0.0
,0,0.0
,0,0.0
,0,0.0
,0,0.0
,0,0.0
,0,0.0
,0,0.0
,0,0.0
,0,0.0
,0,0.0
,0,0.0
,0,0.0
,0,0.0
,0,0.0
,0,0.0
,0,0.0
,0,0.0
,0,0.0
,0,0.0
,0,0.0
,0,0.0
,0,0.0
,0,0.0
,0,0.0
,0,0.0
,0,0.0
,0,0.0
,0,0.0
,0,0.0
,0,0.0
,0,0.0
,0,0.0
,0,0.0
,0,0.0
,0,0.0
,0,0.0
,0,0.0
,0,0.0
,0,0.0
,0,0.0
,0,0.0
,0,0.0
,0,0.0
,0,0.0
,0,0.0
,0,0.0
,0,0.0
,0,0.0
,0,0.0
,0,0.0
,0,0.0
,0,0.0
,0,0.0
,0,0.0
,0,0.0
,0,0.0
,0,0.0
,0,0.0
,0,0.0
,0,0.0
,0,0.0
,0,0.0
,0,0.0
,0,0.0
,0,0.0
,0,0.0
,0,0.0
,0,0.0
,0,0.0
,0,0.0
,0,0.0
,0,0.0
,0,0.0
,0,0.0
,0,0.0
,0,0.0
,0,0.0
,0,0.0
,0,0.0
,0,0.0
,0,0.0
,0,0.0
,0,0.0
,0,0.0
,0,0.0
,0,0.0
,0,0.0
,0,0.0
,0,0.0
,0,0.0
,0,0.0
,0,0.0
,0,0.0
,0,0.0
,0,0.0
,0,0.0
,0,0.0
,0,0.0
,0,0.0
,0,0.0
,0,0.0
,0,0.0
,0,0.0
,0,0.0
,0,0.0
,0,0.0
,0,0.0
,0,0.0
,0,0.0
,0,0.0
,0,0.0
,0,0.0
,0,0.0
,0,0.0
,0,0.0
,0,0.0
,0,0.0
,0,0.0
,0,0.0
,0,0.0
,0,0.0
,0,0.0
,0,0.0
,0,0.0
,0,0.0
,0,0.0
,0,0.0
,0,0.0
,0,0.0
,0,0.0
,0,0.0
,0,0.0
,0,0.0
,0,0.0
,0,0.0
,0,0.0
,0,0.0
,0,0.0
,0,0.0
,0,0.0
,0,0.0
,0,0.0
,0,0.0
,0,0.0
,0,0.0
,0,0.0
,0,0.0
,0,0.0
,0,0.0
,0,0.0
,0,0.0
,0,0.0
,0,0.0
,0,0.0
,0,0.0
,0,0.0
,0,0.0
,0,0.0
,0,0.0
,0,0.0
,0,0.0
,0,0.0
,0,0.0
,0,0.0
,0,0.0
,0,0.0
,0,0.0
,0,0.0
,0,0.0
,0,0.0
,0,0.0
,0,0.0
,0,0.0
,0,0.0
,0,0.0
,0,0.0
,0,0.0
,0,0.0
,0,0.0
,0,0.0
,0,0.0
,0,0.0
,0,0.0
,0,0.0
,0,0.0
,0,0.0
,0,0.0
,0,0.0
,0,0.0
,0,0.0
,0,0.0
,0,0.0
,0,0.0
,0,0.0
,0,0.0
,0,0.0
,0,0.0
,0,0.0
,0,0.0
,0,0.0
,0,0.0
,0,0.0
,0,0.0
,0,0.0
,0,0.0
,0,0.0
,0,0.0
,0,0.0
,0,0.0
,0,0.0
,0,0.0
,0,0.0
,0,0.0
,0,0.0
,0,0.0
,0,0.0
,0,0.0
,0,0.0
,0,0.0
,0,0.0
,0,0.0
,0,0.0
,0,0.0
,0,0.0
,0,0.0
,0,0.0
,0,0.0
,0,0.0
,0,0.0
,0,0.0
,0,0.0
,0,0.0
,0,0.0
,0,0.0
,0,0.0
,0,0.0
,0,0.0
,0,0.0
,0,0.0
,0,0.0
,0,0.0
,0,0.0
,0,0.0
,0,0.0
,0,0.0
,0,0.0
,0,0.0
,0,0.0
,0,0.0
,0,0.0
,0,0.0
,0,0.0
,0,0.0
,0,0.0
,0,0.0
,0,0.0
,0,0.0
,0,0.0
,0,0.0
,0,0.0
,0,0.0
,0,0.0
,0,0.0
,0,0.0
,0,0.0
,0,0.0
,0,0.0
,0,0.0
,0,0.0
,0,0.0
,0,0.0
,0,0.0
,0,0.0
,0,0.0
,0,0.0
,0,0.0
,0,0.0
,0,0.0
,0,0.0
,0,0.0
,0,0.0
,0,0.0
,0,0.0
,0,0.0
,0,0.0
,0,0.0
,0,0.0
,0,0.0
,0,0.0
,0,0.0
,0,0.0
,0,0.0
,0,0.0
,0,0.0
,0,0.0
,0,0.0
,0,0.0
,0,0.0
,0,0.0
,0,0.0
,0,0.0
,0,0.0
,0,0.0
,0,0.0
,0,0.0
,0,0.0
,0,0.0
,0,0.0
,0,0.0
,0,0.0
,0,0.0
,0,0.0
,0,0.0
,0,0.0
,0,0.0
,0,0.0
,0,0.0
,0,0.0
,0,0.0
,0,0.0
,0,0.0
,0,0.0
,0,0.0
,0,0.0
,0,0.0
,0,0.0
,0,0.0
,0,0.0
,0,0.0
,0,0.0
,0,0.0
,0,0.0
,0,0.0
,0,0.0
,0,0.0
,0,0.0
,0,0.0
,0,0.0
,0,0.0
,0,0.0
,0,0.0
,0,0.0
,0,0.0
,0,0.0
,0,0.0
,0,0.0
,0,0.0
,0,0.0
,0,0.0
,0,0.0
,0,0.0
,0,0.0
,0,0.0
,0,0.0
,0,0.0
,0,0.0
,0,0.0
,0,0.0
,0,0.0
,0,0.0
,0,0.0
,0,0.0
,0,0.0
,0,0.0
,0,0.0
,0,0.0
,0,0.0
,0,0.0
,0,0.0
,0,0.0
,0,0.0
,0,0.0
,0,0.0
,0,0.0
,0,0.0
,0,0.0
,0,0.0
,0,0.0
,0,0.0
,0,0.0
,0,0.0
,0,0.0
,0,0.0
,0,0.0
,0,0.0
,0,0.0
,0,0.0
,0,0.0
,0,0.0
,0,0.0
,0,0.0
,0,0.0
,0,0.0
,0,0.0
,0,0.0
,0,0.0
,0,0.0
,0,0.0
,0,0.0
,0,0.0
,0,0.0
,0,0.0
,0,0.0
,0,0.0
,0,0.0
,0,0.0
,0,0.0
,0,0.0
,0,0.0
,0,0.0
,0,0.0
,0,0.0
,0,0.0
,0,0.0
,0,0.0
,0,0.0
,0,0.0
,0,0.0
,0,0.0
,0,0.0
,0,0.0
,0,0.0
,0,0.0
,0,0.0
,0,0.0
,0,0.0
,0,0.0
,0,0.0
,0,0.0
,0,0.0
,0,0.0
,0,0.0
,0,0.0
,0,0.0
,0,0.0
,0,0.0
,0,0.0
,0,0.0
,0,0.0
,0,0.0
,0,0.0
,0,0.0
,0,0.0
,0,0.0
,0,0.0
,0,0.0
,0,0.0
,0,0.0
,0,0.0
,0,0.0
,0,0.0
,0,0.0
,0,0.0
,0,0.0
,0,0.0
,0,0.0
,0,0.0
,0,0.0
,0,0.0
,0,0.0
,0,0.0
,0,0.0
,0,0.0
,0,0.0
,0,0.0
,0,0.0
,0,0.0
,0,0.0
,0,0.0
,0,0.0
,0,0.0
,0,0.0
,0,0.0
,0,0.0
,0,0.0
,0,0.0
,0,0.0
,0,0.0
,0,0.0
,0,0.0
,0,0.0
,0,0.0
,0,0.0
,0,0.0
,0,0.0
,0,0.0
,0,0.0
,0,0.0
,0,0.0
,0,0.0
,0,0.0
,0,0.0
,0,0.0
,0,0.0
,0,0.0
,0,0.0
,0,0.0
,0,0.0
,0,0.0
,0,0.0
,0,0.0
,0,0.0
,0,0.0
,0,0.0
,0,0.0
,0,0.0
,0,0.0
,0,0.0
,0,0.0
,0,0.0
,0,0.0
,0,0.0
,0,0.0
,0,0.0
,0,0.0
,0,0.0
,0,0.0
,0,0.0
,0,0.0
,0,0.0
,0,0.0
,0,0.0
,0,0.0
,0,0.0
,0,0.0
,0,0.0
,0,0.0
,0,0.0
,0,0.0
,0,0.0
,0,0.0
,0,0.0
,0,0.0
,0,0.0
,0,0.0
,0,0.0
,0,0.0
,0,0.0
,0,0.0
,0,0.0
,0,0.0
,0,0.0
,0,0.0
,0,0.0
,0,0.0
,0,0.0
,0,0.0
,0,0.0
,0,0.0
,0,0.0
,0,0.0
,0,0.0
,0,0.0
,0,0.0
,0,0.0
,0,0.0
,0,0.0
,0,0.0
,0,0.0
,0,0.0
,0,0.0
,0,0.0
,0,0.0
,0,0.0
,0,0.0
,0,0.0
,0,0.0
,0,0.0
,0,0.0
,0,0.0
,0,0.0
,0,0.0
,0,0.0
,0,0.0
,0,0.0
,0,0.0
,0,0.0
,0,0.0
,0,0.0
,0,0.0
,0,0.0
,0,0.0
,0,0.0
,0,0.0
,0,0.0
,0,0.0
,0,0.0
,0,0.0
,0,0.0
,0,0.0
,0,0.0
,0,0.0
,0,0.0
,0,0.0
,0,0.0
,0,0.0
,0,0.0
,0,0.0
,0,0.0
,0,0.0
,0,0.0
,0,0.0
,0,0.0
,0,0.0
,0,0.0
,0,0.0
,0,0.0
,0,0.0
,0,0.0
,0,0.0
,0,0.0
,0,0.0
,0,0.0
,0,0.0
,0,0.0
,0,0.0
,0,0.0
,0,0.0
,0,0.0
,0,0.0
,0,0.0
,0,0.0
,0,0.0
,0,0.0
,0,0.0
,0,0.0
,0,0.0
,0,0.0
,0,0.0
,0,0.0
,0,0.0
,0,0.0
,0,0.0
,0,0.0
,0,0.0
,0,0.0
,0,0.0
,0,0.0
,0,0.0
,0,0.0
,0,0.0
,0,0.0
,0,0.0
,0,0.0
,0,0.0
,0,0.0
,0,0.0
,0,0.0
,0,0.0
,0,0.0
,0,0.0
,0,0.0
,0,0.0
,0,0.0
,0,0.0
,0,0.0
,0,0.0
,0,0.0
,0,0.0
,0,0.0
,0,0.0
,0,0.0
,0,0.0
,0,0.0
,0,0.0
,0,0.0
,0,0.0
,0,0.0
,0,0.0
,0,0.0
,0,0.0
,0,0.0
,0,0.0
,0,0.0
,0,0.0
,0,0.0
,0,0.0
,0,0.0
,0,0.0
,0,0.0
,0,0.0
,0,0.0
,0,0.0
,0,0.0
,0,0.0
,0,0.0
,0,0.0
,0,0.0
,0,0.0
,0,0.0
,0,0.0
,0,0.0
,0,0.0
,0,0.0
,0,0.0
,0,0.0
,0,0.0
,0,0.0
,0,0.0
,0,0.0
,0,0.0
,0,0.0
,0,0.0
,0,0.0
,0,0.0
,0,0.0
,0,0.0
,0,0.0
,0,0.0
,0,0.0
,0,0.0
,0,0.0
,0,0.0
,0,0.0
,0,0.0
,0,0.0
,0,0.0
,0,0.0
,0,0.0
,0,0.0
,0,0.0
,0,0.0
,0,0.0
,0,0.0
,0,0.0
,0,0.0
,0,0.0
,0,0.0
,0,0.0
,0,0.0
,0,0.0
,0,0.0
,0,0.0
,0,0.0
,0,0.0
,0,0.0
,0,0.0
,0,0.0
,0,0.0
,0,0.0
,0,0.0
,0,0.0
,0,0.0
,0,0.0
,0,0.0
,0,0.0
,0,0.0
,0,0.0
,0,0.0
,0,0.0
,0,0.0
,0,0.0
,0,0.0
,0,0.0
,0,0.0
,0,0.0
,0,0.0
,0,0.0
,0,0.0
,0,0.0
,0,0.0
,0,0.0
,0,0.0
,0,0.0
,0,0.0
,0,0.0
,0,0.0
,0,0.0
,0,0.0
,0,0.0
,0,0.0
,0,0.0
,0,0.0
,0,0.0
,0,0.0
,0,0.0
,0,0.0
,0,0.0
,0,0.0
,0,0.0
,0,0.0
,0,0.0
,0,0.0
,0,0.0
,0,0.0
,0,0.0
,0,0.0
,0,0.0
,0,0.0
,0,0.0
,0,0.0
,0,0.0
,0,0.0
,0,0.0
,0,0.0
,0,0.0
,0,0.0
,0,0.0
,0,0.0
,0,0.0
,0,0.0
,0,0.0
,0,0.0
,0,0.0
,0,0.0
,0,0.0
,0,0.0
,0,0.0
,0,0.0
,0,0.0
,0,0.0
,0,0.0
,0,0.0
,0,0.0
,0,0.0
,0,0.0
,0,0.0
,0,0.0
,0,0.0
,0,0.0
,0,0.0
,0,0.0
,0,0.0
,0,0.0
,0,0.0
,0,0.0
,0,0.0
,0,0.0
,0,0.0
,0,0.0
,0,0.0
,0,0.0
,0,0.0
,0,0.0
,0,0.0
,0,0.0
,0,0.0
,0,0.0
,0,0.0
,0,0.0
,0,0.0
,0,0.0
,0,0.0
,0,0.0
,0,0.0
,0,0.0
,0,0.0
,0,0.0
,0,0.0
,0,0.0
,0,0.0
,0,0.0
,0,0.0
,0,0.0
,0,0.0
,0,0.0
,0,0.0
,0,0.0
,0,0.0
,0,0.0
,0,0.0
,0,0.0
,0,0.0
,0,0.0
,0,0.0
,0,0.0
,0,0.0
,0,0.0
,0,0.0
,0,0.0
,0,0.0
,0,0.0
,0,0.0
,0,0.0
,0,0.0
,0,0.0
,0,0.0
,0,0.0
,0,0.0
,0,0.0
,0,0.0
,0,0.0
,0,0.0
,0,0.0
,0,0.0
,0,0.0
,0,0.0
,0,0.0
,0,0.0
,0,0.0
,0,0.0
,0,0.0
,0,0.0
,0,0.0
,0,0.0
,0,0.0
,0,0.0
,0,0.0
,0,0.0
,0,0.0
,0,0.0
,0,0.0
,0,0.0
,0,0.0
,0,0.0
,0,0.0
,0,0.0
,0,0.0
,0,0.0
,0,0.0
,0,0.0
,0,0.0
,0,0.0
,0,0.0
,0,0.0
,0,0.0
,0,0.0
,0,0.0
,0,0.0
,0,0.0
,0,0.0
,0,0.0
,0,0.0
,0,0.0
,0,0.0
,0,0.0
,0,0.0
,0,0.0
,0,0.0
,0,0.0
,0,0.0
,0,0.0
,0,0.0
,0,0.0
,0,0.0
,0,0.0
,0,0.0
,0,0.0
,0,0.0
,0,0.0
,0,0.0
,0,0.0
,0,0.0
,0,0.0
,0,0.0
,0,0.0
,0,0.0
,0,0.0
,0,0.0
,0,0.0
,0,0.0
,0,0.0
,0,0.0
,0,0.0
,0,0.0
,0,0.0
,0,0.0
,0,0.0
,0,0.0
,0,0.0
,0,0.0
,0,0.0
,0,0.0
,0,0.0
,0,0.0
,0,0.0
,0,0.0
,0,0.0
,0,0.0
,0,0.0
,0,0.0
,0,0.0
,0,0.0
,0,0.0
,0,0.0
,0,0.0
,0,0.0
,0,0.0
,0,0.0
,0,0.0
,0,0.0
,0,0.0
,0,0.0
,0,0.0
,0,0.0
,0,0.0
,0,0.0
,0,0.0
,0,0.0
,0,0.0
,0,0.0
,0,0.0
,0,0.0
,0,0.0
,0,0.0
,0,0.0
,0,0.0
,0,0.0
,0,0.0
,0,0.0
,0,0.0
,0,0.0
,0,0.0
,0,0.0
,0,0.0
,0,0.0
,0,0.0
,0,0.0
,0,0.0
,0,0.0
,0,0.0
,0,0.0
,0,0.0
,0,0.0
,0,0.0
,0,0.0
,0,0.0
,0,0.0
,0,0.0
,0,0.0
,0,0.0
,0,0.0
,0,0.0
,0,0.0
,0,0.0
,0,0.0
,0,0.0
,0,0.0
,0,0.0
,0,0.0
,0,0.0
,0,0.0
,0,0.0
,0,0.0
,0,0.0
,0,0.0
,0,0.0
,0,0.0
,0,0.0
,0,0.0
,0,0.0
,0,0.0
,0,0.0
,0,0.0
,0,0.0
,0,0.0
,0,0.0
,0,0.0
,0,0.0
,0,0.0
,0,0.0
,0,0.0
,0,0.0
,0,0.0
,0,0.0
,0,0.0
,0,0.0
,0,0.0
,0,0.0
,0,0.0
,0,0.0
,0,0.0
,0,0.0
,0,0.0
,0,0.0
,0,0.0
,0,0.0
,0,0.0
,0,0.0
,0,0.0
,0,0.0
,0,0.0
,0,0.0
,0,0.0
,0,0.0
,0,0.0
,0,0.0
,0,0.0
,0,0.0
,0,0.0
,0,0.0
,0,0.0
,0,0.0
,0,0.0
,0,0.0
,0,0.0
,0,0.0
,0,0.0
,0,0.0
,0,0.0
,0,0.0
,0,0.0
,0,0.0
,0,0.0
,0,0.0
,0,0.0
,0,0.0
,0,0.0
,0,0.0
,0,0.0
,0,0.0
,0,0.0
,0,0.0
,0,0.0
,0,0.0
,0,0.0
,0,0.0
,0,0.0
,0,0.0
,0,0.0
,0,0.0
,0,0.0
,0,0.0
,0,0.0
,0,0.0
,0,0.0
,0,0.0
,0,0.0
,0,0.0
,0,0.0
,0,0.0
,0,0.0
,0,0.0
,0,0.0
,0,0.0
,0,0.0
,0,0.0
,0,0.0
,0,0.0
,0,0.0
,0,0.0
,0,0.0
,0,0.0
,0,0.0
,0,0.0
,0,0.0
,0,0.0
,0,0.0
,0,0.0
,0,0.0
,0,0.0
,0,0.0
,0,0.0
,0,0.0
,0,0.0
,0,0.0
,0,0.0
,0,0.0
,0,0.0
,0,0.0
,0,0.0
,0,0.0
,0,0.0
,0,0.0
,0,0.0
,0,0.0
,0,0.0
,0,0.0
,0,0.0
,0,0.0
,0,0.0
,0,0.0
,0,0.0
,0,0.0
,0,0.0
,0,0.0
,0,0.0
,0,0.0
,0,0.0
,0,0.0
,0,0.0
,0,0.0
,0,0.0
,0,0.0
,0,0.0
,0,0.0
,0,0.0
,0,0.0
,0,0.0
,0,0.0
,0,0.0
,0,0.0
,0,0.0
,0,0.0
,0,0.0
,0,0.0
,0,0.0
,0,0.0
,0,0.0
,0,0.0
,0,0.0
,0,0.0
,0,0.0
,0,0.0
,0,0.0
,0,0.0
,0,0.0
,0,0.0
,0,0.0
,0,0.0
,0,0.0
,0,0.0
,0,0.0
,0,0.0
,0,0.0
,0,0.0
,0,0.0
,0,0.0
,0,0.0
,0,0.0
,0,0.0
,0,0.0
,0,0.0
,0,0.0
,0,0.0
,0,0.0
,0,0.0
,0,0.0
,0,0.0
,0,0.0
,0,0.0
,0,0.0
,0,0.0
,0,0.0
,0,0.0
,0,0.0
,0,0.0
,0,0.0
,0,0.0
,0,0.0
,0,0.0
,0,0.0
,0,0.0
,0,0.0
,0,0.0
,0,0.0
,0,0.0
,0,0.0
,0,0.0
,0,0.0
,0,0.0
,0,0.0
,0,0.0
,0,0.0
,0,0.0
,0,0.0
,0,0.0
,0,0.0
,0,0.0
,0,0.0
,0,0.0
,0,0.0
,0,0.0
,0,0.0
,0,0.0
,0,0.0
,0,0.0
,0,0.0
,0,0.0
,0,0.0
,0,0.0
,0,0.0
,0,0.0
,0,0.0
,0,0.0
,0,0.0
,0,0.0
,0,0.0
,0,0.0
,0,0.0
,0,0.0
,0,0.0
,0,0.0
,0,0.0
,0,0.0
,0,0.0
,0,0.0
,0,0.0
,0,0.0
,0,0.0
,0,0.0
,0,0.0
,0,0.0
,0,0.0
,0,0.0
,0,0.0
,0,0.0
,0,0.0
,0,0.0
,0,0.0
,0,0.0
,0,0.0
,0,0.0
,0,0.0
,0,0.0
,0,0.0
,0,0.0
,0,0.0
,0,0.0
,0,0.0
,0,0.0
,0,0.0
,0,0.0
,0,0.0
,0,0.0
,0,0.0
,0,0.0
,0,0.0
,0,0.0
,0,0.0
,0,0.0
,0,0.0
,0,0.0
,0,0.0
,0,0.0
,0,0.0
,0,0.0
,0,0.0
,0,0.0
,0,0.0
,0,0.0
,0,0.0
,0,0.0
,0,0.0
,0,0.0
,0,0.0
,0,0.0
,0,0.0
,0,0.0
,0,0.0
,0,0.0
,0,0.0
,0,0.0
,0,0.0
,0,0.0
,0,0.0
,0,0.0
,0,0.0
,0,0.0
,0,0.0
,0,0.0
,0,0.0
,0,0.0
,0,0.0
,0,0.0
,0,0.0
,0,0.0
,0,0.0
,0,0.0
,0,0.0
,0,0.0
,0,0.0
,0,0.0
,0,0.0
,0,0.0
,0,0.0
,0,0.0
,0,0.0
,0,0.0
,0,0.0
,0,0.0
,0,0.0
,0,0.0
,0,0.0
,0,0.0
,0,0.0
,0,0.0
,0,0.0
,0,0.0
,0,0.0
,0,0.0
,0,0.0
,0,0.0
,0,0.0
,0,0.0
,0,0.0
,0,0.0
,0,0.0
,0,0.0
,0,0.0
,0,0.0
,0,0.0
,0,0.0
,0,0.0
,0,0.0
,0,0.0
,0,0.0
,0,0.0
266.08533148622587,0,0.75
267.6888731008861,0,0.6666666666666666
271.9125284958845,0,0.3333333333333333
,0,0.0
,0,0.0
,0,0.0
165.5129665082262,0,0.5
,0,0.0
,0,0.0
,0,0.0
,0,0.0
,0,0.0
,0,0.0
,0,0.0
,0,0.0
,0,0.0
,0,0.0
,0,0.0
,0,0.0
,0,0.0
,0,0.0
,0,0.0
,0,0.0
,0,0.0
,0,0.0
,0,0.0
,0,0.0
,0,0.0
,0,0.0
,0,0.0
,0,0.0
,0,0.0
,0,0.0
,0,0.0
,0,0.0
,0,0.0
,0,0.0
,0,0.0
,0,0.0
,0,0.0
,0,0.0
,0,0.0
,0,0.0
,0,0.0
,0,0.0
,0,0.0
,0,0.0
,0,0.0
,0,0.0
,0,0.0
,0,0.0
,0,0.0
,0,0.0
,0,0.0
,0,0.0
,0,0.0
,0,0.0
,0,0.0
,0,0.0
,0,0.0
,0,0.0
,0,0.0
,0,0.0
,0,0.0
,0,0.0
,0,0.0
,0,0.0
,0,0.0
,0,0.0
,0,0.0
,0,0.0
,0,0.0
,0,0.0
,0,0.0
,0,0.0
,0,0.0
,0,0.0
,0,0.0
,0,0.0
,0,0.0
,0,0.0
,0,0.0
,0,0.0
,0,0.0
,0,0.0
,0,0.0
,0,0.0
,0,0.0
,0,0.0
,0,0.0
,0,0.0
,0,0.0
,0,0.0
,0,0.0
,0,0.0
,0,0.0
,0,0.0
,0,0.0
,0,0.0
,0,0.0
,0,0.0
,0,0.0
,0,0.0
,0,0.0
,0,0.0
,0,0.0
,0,0.0
,0,0.0
,0,0.0
,0,0.0
,0,0.0
,0,0.0
,0,0.0
,0,0.0
,0,0.0
,0,0.0
,0,0.0
,0,0.0
,0,0.0
,0,0.0
,0,0.0
,0,0.0
,0,0.0
,0,0.0
,0,0.0
,0,0.0
,0,0.0
,0,0.0
,0,0.0
,0,0.0
,0,0.0
,0,0.0
,0,0.0
,0,0.0
,0,0.0
,0,0.0
,0,0.0
,0,0.0
,0,0.0
,0,0.0
,0,0.0
,0,0.0
,0,0.0
,0,0.0
,0,0.0
,0,0.0
,0,0.0
,0,0.0
,0,0.0
,0,0.0
,0,0.0
,0,0.0
,0,0.0
,0,0.0
,0,0.0
,0,0.0
,0,0.0
,0,0.0
,0,0.0
,0,0.0
,0,0.0
,0,0.0
,0,0.0
,0,0.0
,0,0.0
,0,0.0
,0,0.0
,0,0.0
,0,0.0
,0,0.0
,0,0.0
,0,0.0
,0,0.0
,0,0.0
,0,0.0
,0,0.0
,0,0.0
,0,0.0
,0,0.0
,0,0.0
,0,0.0
,0,0.0
,0,0.0
,0,0.0
,0,0.0
,0,0.0
,0,0.0
,0,0.0
,0,0.0
,0,0.0
,0,0.0
,0,0.0
,0,0.0
,0,0.0
,0,0.0
,0,0.0
,0,0.0
,0,0.0
,0,0.0
,0,0.0
,0,0.0
,0,0.0
,0,0.0
,0,0.0
,0,0.0
,0,0.0
,0,0.0
,0,0.0
,0,0.0
,0,0.0
,0,0.0
,0,0.0
,0,0.0
,0,0.0
,0,0.0
,0,0.0
,0,0.0
,0,0.0
,0,0.0
,0,0.0
,0,0.0
,0,0.0
,0,0.0
,0,0.0
,0,0.0
,0,0.0
,0,0.0
,0,0.0
,0,0.0
,0,0.0
,0,0.0
,0,0.0
,0,0.0
,0,0.0
,0,0.0
,0,0.0
,0,0.0
,0,0.0
,0,0.0
,0,0.0
,0,0.0
,0,0.0
,0,0.0
,0,0.0
,0,0.0
,0,0.0
,0,0.0
,0,0.0
,0,0.0
,0,0.0
,0,0.0
,0,0.0
,0,0.0
,0,0.0
,0,0.0
,0,0.0
,0,0.0
,0,0.0
,0,0.0
,0,0.0
,0,0.0
,0,0.0
,0,0.0
,0,0.0
,0,0.0
,0,0.0
,0,0.0
,0,0.0
,0,0.0
,0,0.0
,0,0.0
,0,0.0
,0,0.0
,0,0.0
,0,0.0
,0,0.0
,0,0.0
,0,0.0
,0,0.0
,0,0.0
,0,0.0
,0,0.0
,0,0.0
,0,0.0
,0,0.0
,0,0.0
,0,0.0
,0,0.0
,0,0.0
,0,0.0
,0,0.0
,0,0.0
,0,0.0
,0,0.0
,0,0.0
,0,0.0
,0,0.0
,0,0.0
,0,0.0
,0,0.0
,0,0.0
,0,0.0
,0,0.0
,0,0.0
,0,0.0
,0,0.0
,0,0.0
,0,0.0
,0,0.0
,0,0.0
,0,0.0
,0,0.0
,0,0.0
,0,0.0
,0,0.0
,0,0.0
,0,0.0
,0,0.0
,0,0.0
,0,0.0
,0,0.0
,0,0.0
,0,0.0
,0,0.0
,0,0.0
,0,0.0
,0,0.0
,0,0.0
,0,0.0
,0,0.0
,0,0.0
,0,0.0
,0,0.0
,0,0.0
,0,0.0
,0,0.0
,0,0.0
,0,0.0
,0,0.0
,0,0.0
,0,0.0
,0,0.0
,0,0.0
,0,0.0
,0,0.0
,0,0.0
,0,0.0
,0,0.0
,0,0.0
,0,0.0
,0,0.0
,0,0.0
,0,0.0
,0,0.0
,0,0.0
,0,0.0
,0,0.0
,0,0.0
,0,0.0
,0,0.0
,0,0.0
,0,0.0
,0,0.0
,0,0.0
,0,0.0
,0,0.0
,0,0.0
,0,0.0
,0,0.0
,0,0.0
,0,0.0
,0,0.0
,0,0.0
,0,0.0
,0,0.0
,0,0.0
,0,0.0
,0,0.0
,0,0.0
,0,0.0
,0,0.0
,0,0.0
,0,0.0
,0,0.0
,0,0.0
,0,0.0
,0,0.0
,0,0.0
,0,0.0
,0,0.0
,0,0.0
,0,0.0
,0,0.0
,0,0.0
,0,0.0
,0,0.0
,0,0.0
,0,0.0
,0,0.0
,0,0.0
,0,0.0
,0,0.0
,0,0.0
,0,0.0
,0,0.0
,0,0.0
,0,0.0
,0,0.0
,0,0.0
,0,0.0
,0,0.0
,0,0.0
,0,0.0
,0,0.0
,0,0.0
,0,0.0
,0,0.0
,0,0.0
,0,0.0
,0,0.0
,0,0.0
,0,0.0
,0,0.0
,0,0.0
,0,0.0
,0,0.0
,0,0.0
,0,0.0
,0,0.0
,0,0.0
,0,0.0
,0,0.0
,0,0.0
,0,0.0
,0,0.0
,0,0.0
,0,0.0
,0,0.0
,0,0.0
,0,0.0
,0,0.0
,0,0.0
,0,0.0
,0,0.0
,0,0.0
,0,0.0
,0,0.0
,0,0.0
,0,0.0
,0,0.0
,0,0.0
,0,0.0
,0,0.0
,0,0.0
,0,0.0
,0,0.0
,0,0.0
,0,0.0
,0,0.0
,0,0.0
,0,0.0
,0,0.0
,0,0.0
,0,0.0
,0,0.0
,0,0.0
,0,0.0
,0,0.0
,0,0.0
,0,0.0
,0,0.0
,0,0.0
,0,0.0
,0,0.0
,0,0.0
,0,0.0
,0,0.0
,0,0.0
,0,0.0
,0,0.0
,0,0.0
,0,0.0
,0,0.0
,0,0.0
,0,0.0
,0,0.0
,0,0.0
,0,0.0
,0,0.0
,0,0.0
,0,0.0
,0,0.0
,0,0.0
,0,0.0
,0,0.0
,0,0.0
,0,0.0
,0,0.0
,0,0.0
,0,0.0
,0,0.0
,0,0.0
,0,0.0
,0,0.0
,0,0.0
,0,0.0
,0,0.0
,0,0.0
,0,0.0
,0,0.0
,0,0.0
,0,0.0
,0,0.0
,0,0.0
,0,0.0
,0,0.0
,0,0.0
,0,0.0
,0,0.0
,0,0.0
,0,0.0
,0,0.0
,0,0.0
,0,0.0
,0,0.0
,0,0.0
,0,0.0
,0,0.0
,0,0.0
,0,0.0
,0,0.0
,0,0.0
,0,0.0
,0,0.0
,0,0.0
,0,0.0
,0,0.0
,0,0.0
,0,0.0
,0,0.0
,0,0.0
,0,0.0
,0,0.0
,0,0.0
,0,0.0
,0,0.0
,0,0.0
,0,0.0
,0,0.0
,0,0.0
,0,0.0
,0,0.0
,0,0.0
,0,0.0
,0,0.0
,0,0.0
,0,0.0
,0,0.0
,0,0.0
,0,0.0
,0,0.0
,0,0.0
,0,0.0
,0,0.0
,0,0.0
,0,0.0
,0,0.0
,0,0.0
,0,0.0
,0,0.0
,0,0.0
,0,0.0
,0,0.0
,0,0.0
,0,0.0
,0,0.0
,0,0.0
,0,0.0
,0,0.0
,0,0.0
,0,0.0
,0,0.0
,0,0.0
,0,0.0
,0,0.0
,0,0.0
,0,0.0
,0,0.0
,0,0.0
,0,0.0
,0,0.0
,0,0.0
,0,0.0
,0,0.0
,0,0.0
,0,0.0
,0,0.0
,0,0.0
,0,0.0
,0,0.0
,0,0.0
,0,0.0
,0,0.0
,0,0.0
,0,0.0
,0,0.0
,0,0.0
,0,0.0
,0,0.0
,0,0.0
,0,0.0
,0,0.0
,0,0.0
,0,0.0
,0,0.0
,0,0.0
,0,0.0
,0,0.0
,0,0.0
,0,0.0
,0,0.0
,0,0.0
,0,0.0
,0,0.0
,0,0.0
,0,0.0
,0,0.0
,0,0.0
,0,0.0
,0,0.0
,0,0.0
,0,0.0
,0,0.0
,0,0.0
,0,0.0
,0,0.0
,0,0.0
,0,0.0
,0,0.0
,0,0.0
,0,0.0
,0,0.0
,0,0.0
,0,0.0
,0,0.0
,0,0.0
,0,0.0
,0,0.0
,0,0.0
,0,0.0
,0,0.0
,0,0.0
,0,0.0
,0,0.0
,0,0.0
,0,0.0
,0,0.0
,0,0.0
,0,0.0
,0,0.0
,0,0.0
,0,0.0
,0,0.0
,0,0.0
,0,0.0
,0,0.0
,0,0.0
,0,0.0
,0,0.0
,0,0.0
,0,0.0
,0,0.0
,0,0.0
,0,0.0
,0,0.0
,0,0.0
,0,0.0
,0,0.0
,0,0.0
,0,0.0
,0,0.0
,0,0.0
,0,0.0
,0,0.0
,0,0.0
,0,0.0
,0,0.0
,0,0.0
,0,0.0
,0,0.0
,0,0.0
,0,0.0
,0,0.0
,0,0.0
,0,0.0
,0,0.0
,0,0.0
,0,0.0
,0,0.0
,0,0.0
,0,0.0
,0,0.0
,0,0.0
,0,0.0
,0,0.0
,0,0.0
,0,0.0
,0,0.0
,0,0.0
,0,0.0
,0,0.0
,0,0.0
,0,0.0
,0,0.0
,0,0.0
,0,0.0
,0,0.0
,0,0.0
,0,0.0
408.54438401298216,0,0.3333333333333333
410.05389552369434,0,1.0
410.3641614162783,0,1.0
409.3491412980456,0,1.0
409.0809674417722,0,1.0
410.05488530561286,0,1.0
410.48455315121765,0,0.6666666666666666
409.6840914495274,0,0.0
409.6072754197758,0,0.0
409.9261284426818,0,0.0
410.27007465323203,0,0.0
409.5539090611951,0,0.0
409.87650378850776,0,0.0
409.9290280782913,0,0.0
410.0888345893058,0,0.0
409.88613698745513,0,0.0
409.87939939270063,0,0.0
410.42300208102245,0,0.0
,0,0.0
,0,0.0
,0,0.0
,0,0.0
,0,0.0
,0,0.0
,0,0.0
,0,0.0
,0,0.0
,0,0.0
,0,0.0
,0,0.0
409.1475123750685,0,0.0
410.04057698381075,0,0.0
410.412469788403,0,0.0
409.57810675014827,0,0.0
409.2347067361255,0,0.0
410.0622810772691,0,0.0
410.40677189727285,0,0.0
409.6203959901682,0,0.0
409.7768324028491,0,0.0
409.93309656114957,0,0.0
410.2709327444386,0,0.0
409.24911890040283,0,0.0
409.8949276244478,0,0.0
410.0290923753478,0,0.0
410.1073091802962,0,0.0
409.502255339612,0,0.0
409.6489665176238,0,0.0
410.69925360693856,0,0.0
,0,0.0
,0,0.0
,0,0.0
,0,0.0
,0,0.0
,0,0.0
,0,0.0
,0,0.0
,0,0.0
,0,0.0
,0,0.0
,0,0.0
408.7632488725634,0,0.0
409.9578913609082,0,0.0
410.3731186043108,0,0.0
409.54300863007546,0,0.0
409.7369580524617,0,0.0
410.0203888027314,0,0.0
410.2587287569163,0,0.0
409.4560242558078,0,0.0
409.69876297045164,0,0.0
410.0620525888042,0,0.0
410.3787943681247,0,0.0
410.06327125219923,0,0.0
409.3195777021153,0,0.0
409.3010402474459,0,0.0
,0,0.0
,0,0.0
,0,0.0
,0,0.0
,0,0.0
,0,0.0
,0,0.0
,0,0.0
,0,0.0
