pitch,baby,mom
,0,0.0
,0,0.0
,0,0.0
,0,0.0
,0,0.0
,0,0.0
,0,0.0
,0,0.0
,0,0.0
,0,0.0
,0,0.0
,0,0.0
,0,0.0
,0,0.0
,0,0.0
,0,0.0
,0,0.0
,0,0.0
204.09458909320514,0,0.0
205.0420207261595,0,0.0
206.3857559445498,0,0.0
205.61660216844464,0,0.0
204.9497782408504,0,0.0
205.12788863215656,0,0.0
205.37252190878797,0,0.0
205.37095395957573,0,0.0
222.17646404759384,0,0.0
208.57966394741183,0,0.0
204.9091587514308,0,0.0
203.74588159809764,0,0.0
202.33818752046776,0,0.0
197.98058461435343,0,0.0
194.99976363975952,0,0.0
193.04804830288904,0,0.0
193.81716475734893,0,0.0
191.44284925402025,0,0.0
201.09874709015864,0,0.0
194.0713767955123,0,0.0
192.08479727873296,0,0.0
192.6642654116185,0,0.0
193.04930706672351,0,0.0
,0,0.0
,0,0.0
200.8374979667252,0,0.0
191.13390830104217,0,0.0
189.99175800531205,0,0.0
185.24372227482252,0,0.0
,0,0.0
216.18318271132813,0,0.0
196.9097002625373,0,0.0
183.46245023046262,0,0.0
181.64814467120237,0,0.0
177.83781504672174,0,0.0
178.80921615369584,0,0.0
181.88893502005328,0,0.0
186.5818395067001,0,0.0
187.79823277101232,0,0.0
182.42361875114952,0,0.0
,0,0.0
,0,0.0
,0,0.0
,0,0.0
212.58678624870913,0,0.0
207.17333196609957,0,0.0
187.61562891935432,0,0.0
148.93354266570768,0,0.0
137.6579375764107,0,0.0
162.0609192524793,0,0.0
169.74039071781488,0,0.0
129.09331746029918,0,0.0
145.74053344494425,0,0.0
164.5527281897088,0,0.0
157.47605824978274,0,0.0
158.99531023688516,0,0.0
161.76242765204225,0,0.0
151.47969349272887,0,0.0
139.95808256375054,0,0.0
,0,0.0
,0,0.0
,0,0.0
,0,0.0
,0,0.0
,0,0.0
,0,0.0
,0,0.0
,0,0.0
,0,0.0
,0,0.0
,0,0.0
,0,0.0
,0,0.0
,0,0.0
,0,0.0
,0,0.0
,0,0.0
,0,0.0
,0,0.0
,0,0.0
,0,0.0
,0,0.0
,0,0.0
76.78649314967922,0,0.0
103.0341078016949,0,0.0
100.43447196475172,0,0.0
,0,0.0
,0,0.0
,0,0.0
,0,0.0
,0,0.0
,0,0.0
,0,0.0
,0,0.0
,0,0.0
,0,0.0
,0,0.0
,0,0.0
,0,0.0
,0,0.0
,0,0.0
,0,0.0
,0,0.0
,0,0.0
,0,0.0
,0,0.0
,0,0.0
,0,0.0
,0,0.0
,0,0.0
,0,0.0
,0,0.0
,0,0.0
,0,0.0
,0,0.0
,0,0.0
471.76262279667935,0,1.0
462.6888369790872,0,1.0
463.73773727763995,0,1.0
460.46380083267445,0,1.0
456.29419130639377,0,1.0
452.42510407427034,0,1.0
455.144621399157,0,0.5
,0,0.0
,0,0.0
,0,0.0
,0,0.0
,0,0.0
,0,0.0
,0,0.0
,0,0.0
,0,0.0
,0,0.0
,0,0.0
,0,0.0
,0,0.0
,0,0.0
,0,0.0
,0,0.0
,0,0.0
,0,0.0
,0,0.0
,0,0.0
,0,0.0
,0,0.0
,0,0.0
,0,0.0
,0,0.0
,0,0.0
,0,0.0
,0,0.0
,0,0.0
,0,0.0
,0,0.0
,0,0.0
,0,0.0
,0,0.0
,0,0.0
,0,0.0
,0,0.0
,0,0.0
,0,0.0
,0,0.0
,0,0.0
,0,0.0
,0,0.0
,0,0.0
,0,0.0
,0,0.0
,0,0.0
,0,0.0
,0,0.0
,0,0.0
,0,0.0
,0,0.0
,0,0.0
,0,0.0
439.00323172537065,0,0.6666666666666666
444.34914378366307,0,1.0
446.3750861216813,0,1.0
447.12867850174666,0,1.0
440.2635492353194,0,1.0
441.1992616027007,0,1.0
447.83915878163003,0,1.0
452.15749692161404,0,1.0
452.5926690803574,0,1.0
437.21166337344295,0,1.0
422.90376056971536,0,0.25
,0,0.0
,0,0.0
,0,0.0
,0,0.0
,0,0.0
,0,0.0
,0,0.0
,0,0.0
,0,0.0
,0,0.0
,0,0.0
,0,0.0
,0,0.0
,0,0.0
,0,0.0
,0,0.0
,0,0.0
,0,0.0
,0,0.0
,0,0.0
,0,0.0
,0,0.0
,0,0.0
,0,0.0
,0,0.0
,0,0.0
,0,0.0
,0,0.0
,0,0.0
,0,0.0
,0,0.0
,0,0.0
,0,0.0
,0,0.0
,0,0.0
,0,0.0
,0,0.0
,0,0.0
,0,0.0
,0,0.0
,0,0.0
,0,0.0
,0,0.0
,0,0.0
,0,0.0
,0,0.0
,0,0.0
,0,0.0
,0,0.0
,0,0.0
,0,0.0
,0,0.0
,0,0.0
,0,0.0
,0,0.0
,0,0.0
,0,0.0
,0,0.0
,0,0.0
,0,0.0
,0,0.0
,0,0.0
,0,0.0
,0,0.0
,0,0.0
,0,0.0
,0,0.0
,0,0.0
,0,0.0
,0,0.0
,0,0.0
,0,0.0
,0,0.0
,0,0.0
,0,0.0
,0,0.0
,0,0.0
,0,0.0
,0,0.0
,0,0.0
,0,0.0
,0,0.0
,0,0.0
,0,0.0
,0,0.0
,0,0.0
,0,0.0
,0,0.0
,0,0.0
,0,0.0
,0,0.0
,0,0.0
,0,0.0
,0,0.0
,0,0.0
,0,0.0
,0,0.0
,0,0.0
,0,0.0
,0,0.0
,0,0.0
,0,0.0
,0,0.0
,0,0.0
,0,0.0
,0,0.0
,0,0.0
,0,0.0
,0,0.0
,0,0.0
,0,0.0
,0,0.0
,0,0.0
,0,0.0
,0,0.0
,0,0.0
,0,0.0
,0,0.0
,0,0.0
,0,0.0
,0,0.0
,0,0.0
,0,0.0
,0,0.0
,0,0.0
,0,0.0
,0,0.0
206.86444539719284,0,0.75
209.48925116636542,0,1.0
,0,0.0
,0,0.0
,0,0.0
,0,0.0
,0,0.0
,0,0.0
,0,0.0
,0,0.0
,0,0.0
,0,0.0
,0,0.0
,0,0.0
,0,0.0
,0,0.0
,0,0.0
,0,0.0
,0,0.0
,0,0.0
,0,0.0
,0,0.0
,0,0.0
,0,0.0
,0,0.0
,0,0.0
,0,0.0
,0,0.0
,0,0.0
,0,0.0
,0,0.0
,0,0.0
,0,0.0
,0,0.0
,0,0.0
,0,0.0
,0,0.0
,0,0.0
,0,0.0
,0,0.0
,0,0.0
,0,0.0
,0,0.0
,0,0.0
,0,0.0
,0,0.0
,0,0.0
,0,0.0
,0,0.0
,0,0.0
,0,0.0
,0,0.0
,0,0.0
,0,0.0
,0,0.0
,0,0.0
,0,0.0
,0,0.0
,0,0.0
,0,0.0
,0,0.0
,0,0.0
,0,0.0
,0,0.0
,0,0.0
,0,0.0
,0,0.0
,0,0.0
,0,0.0
,0,0.0
,0,0.0
,0,0.0
,0,0.0
,0,0.0
,0,0.0
,0,0.0
,0,0.0
,0,0.0
,0,0.0
,0,0.0
,0,0.0
,0,0.0
,0,0.0
,0,0.0
,0,0.0
,0,0.0
,0,0.0
,0,0.0
,0,0.0
,0,0.0
,0,0.0
,0,0.0
,0,0.0
,0,0.0
,0,0.0
,0,0.0
,0,0.0
,0,0.0
,0,0.0
,0,0.0
,0,0.0
,0,0.0
,0,0.0
,0,0.0
,0,0.0
,0,0.0
,0,0.0
,0,0.0
,0,0.0
,0,0.0
,0,0.0
,0,0.0
,0,0.0
,0,0.0
,0,0.0
,0,0.0
,0,0.0
,0,0.0
,0,0.0
,0,0.0
,0,0.0
,0,0.0
,0,0.0
,0,0.0
,0,0.0
,0,0.0
,0,0.0
,0,0.0
,0,0.0
,0,0.0
,0,0.0
,0,0.0
,0,0.0
,0,0.0
,0,0.0
,0,0.0
,0,0.0
,0,0.0
,0,0.0
,0,0.0
,0,0.0
,0,0.0
,0,0.0
,0,0.0
,0,0.0
,0,0.0
,0,0.0
,0,0.0
,0,0.0
,0,0.0
,0,0.0
,0,0.0
,0,0.0
,0,0.0
,0,0.0
,0,0.0
,0,0.0
,0,0.0
,0,0.0
,0,0.0
,0,0.0
,0,0.0
,0,0.0
,0,0.0
,0,0.0
,0,0.0
,0,0.0
,0,0.0
,0,0.0
,0,0.0
,0,0.0
,0,0.0
,0,0.0
,0,0.0
,0,0.0
,0,0.0
,0,0.0
,0,0.0
,0,0.0
,0,0.0
,0,0.0
,0,0.0
,0,0.0
,0,0.0
,0,0.0
,0,0.0
,0,0.0
,0,0.0
,0,0.0
,0,0.0
,0,0.0
,0,0.0
,0,0.0
,0,0.0
,0,0.0
,0,0.0
,0,0.0
,0,0.0
,0,0.0
,0,0.0
,0,0.0
,0,0.0
,0,0.0
,0,0.0
,0,0.0
,0,0.0
,0,0.0
,0,0.0
,0,0.0
,0,0.0
,0,0.0
,0,0.0
,0,0.0
,0,0.0
,0,0.0
,0,0.0
,0,0.0
,0,0.0
,0,0.0
,0,0.0
,0,0.0
,0,0.0
,0,0.0
,0,0.0
,0,0.0
,0,0.0
,0,0.0
,0,0.0
,0,0.0
,0,0.0
,0,0.0
,0,0.0
,0,0.0
,0,0.0
,0,0.0
,0,0.0
,0,0.0
,0,0.0
,0,0.0
,0,0.0
,0,0.0
,0,0.0
,0,0.0
,0,0.0
,0,0.0
,0,0.0
,0,0.0
,0,0.0
,0,0.0
,0,0.0
,0,0.0
,0,0.0
,0,0.0
,0,0.0
,0,0.0
,0,0.0
,0,0.0
,0,0.0
,0,0.0
,0,0.0
,0,0.0
,0,0.0
,0,0.0
,0,0.0
,0,0.0
,0,0.0
,0,0.0
,0,0.0
,0,0.0
,0,0.0
,0,0.0
,0,0.0
,0,0.0
,0,0.0
,0,0.0
,0,0.0
,0,0.0
,0,0.0
,0,0.0
,0,0.0
,0,0.0
,0,0.0
,0,0.0
,0,0.0
,0,0.0
,0,0.0
,0,0.0
,0,0.0
,0,0.0
,0,0.0
,0,0.0
,0,0.0
,0,0.0
,0,0.0
,0,0.0
,0,0.0
,0,0.0
,0,0.0
,0,0.0
,0,0.0
,0,0.0
,0,0.0
,0,0.0
,0,0.0
,0,0.0
,0,0.0
,0,0.0
,0,0.0
,0,0.0
,0,0.0
,0,0.0
,0,0.0
,0,0.0
,0,0.0
,0,0.0
,0,0.0
,0,0.0
,0,0.0
,0,0.0
,0,0.0
,0,0.0
,0,0.0
,0,0.0
,0,0.0
,0,0.0
,0,0.0
,0,0.0
,0,0.0
,0,0.0
,0,0.0
,0,0.0
,0,0.0
,0,0.0
,0,0.0
,0,0.0
,0,0.0
,0,0.0
,0,0.0
,0,0.0
,0,0.0
,0,0.0
,0,0.0
,0,0.0
,0,0.0
,0,0.0
,0,0.0
,0,0.0
,0,0.0
,0,0.0
,0,0.0
,0,0.0
,0,0.0
,0,0.0
,0,0.0
,0,0.0
,0,0.0
,0,0.0
,0,0.0
,0,0.0
,0,0.0
,0,0.0
,0,0.0
,0,0.0
,0,0.0
,0,0.0
,0,0.0
,0,0.0
,0,0.0
,0,0.0
,0,0.0
,0,0.0
,0,0.0
,0,0.0
,0,0.0
,0,0.0
,0,0.0
,0,0.0
,0,0.0
,0,0.0
,0,0.0
,0,0.0
,0,0.0
,0,0.0
,0,0.0
,0,0.0
,0,0.0
,0,0.0
,0,0.0
,0,0.0
,0,0.0
,0,0.0
,0,0.0
,0,0.0
,0,0.0
,0,0.0
,0,0.0
,0,0.0
,0,0.0
,0,0.0
,0,0.0
,0,0.0
,0,0.0
,0,0.0
,0,0.0
,0,0.0
,0,0.0
,0,0.0
,0,0.0
,0,0.0
,0,0.0
,0,0.0
,0,0.0
,0,0.0
,0,0.0
,0,0.0
,0,0.0
,0,0.0
,0,0.0
,0,0.0
,0,0.0
,0,0.0
,0,0.0
,0,0.0
,0,0.0
,0,0.0
,0,0.0
,0,0.0
,0,0.0
,0,0.0
,0,0.0
,0,0.0
,0,0.0
,0,0.0
,0,0.0
,0,0.0
,0,0.0
,0,0.0
,0,0.0
,0,0.0
,0,0.0
,0,0.0
,0,0.0
,0,0.0
,0,0.0
,0,0.0
,0,0.0
,0,0.0
,0,0.0
,0,0.0
,0,0.0
,0,0.0
,0,0.0
,0,0.0
,0,0.0
,0,0.0
,0,0.0
,0,0.0
,0,0.0
,0,0.0
,0,0.0
,0,0.0
,0,0.0
,0,0.0
,0,0.0
,0,0.0
,0,0.0
,0,0.0
,0,0.0
,0,0.0
,0,0.0
,0,0.0
,0,0.0
,0,0.0
,0,0.0
,0,0.0
,0,0.0
,0,0.0
,0,0.0
,0,0.0
,0,0.0
,0,0.0
,0,0.0
,0,0.0
,0,0.0
,0,0.0
,0,0.0
,0,0.0
,0,0.0
,0,0.0
,0,0.0
,0,0.0
,0,0.0
,0,0.0
,0,0.0
,0,0.0
,0,0.0
,0,0.0
,0,0.0
,0,0.0
,0,0.0
,0,0.0
,0,0.0
,0,0.0
,0,0.0
,0,0.0
,0,0.0
,0,0.0
,0,0.0
,0,0.0
,0,0.0
,0,0.0
,0,0.0
,0,0.0
,0,0.0
,0,0.0
,0,0.0
,0,0.0
,0,0.0
,0,0.0
,0,0.0
,0,0.0
,0,0.0
,0,0.0
,0,0.0
,0,0.0
,0,0.0
,0,0.0
,0,0.0
,0,0.0
,0,0.0
,0,0.0
,0,0.0
,0,0.0
,0,0.0
,0,0.0
,0,0.0
,0,0.0
,0,0.0
,0,0.0
,0,0.0
,0,0.0
,0,0.0
,0,0.0
,0,0.0
,0,0.0
,0,0.0
,0,0.0
,0,0.0
,0,0.0
,0,0.0
,0,0.0
,0,0.0
,0,0.0
,0,0.0
,0,0.0
,0,0.0
,0,0.0
,0,0.0
,0,0.0
,0,0.0
,0,0.0
,0,0.0
,0,0.0
,0,0.0
,0,0.0
,0,0.0
,0,0.0
,0,0.0
,0,0.0
,0,0.0
,0,0.0
,0,0.0
,0,0.0
,0,0.0
,0,0.0
,0,0.0
,0,0.0
,0,0.0
,0,0.0
,0,0.0
,0,0.0
,0,0.0
,0,0.0
,0,0.0
,0,0.0
,0,0.0
,0,0.0
,0,0.0
,0,0.0
,0,0.0
,0,0.0
,0,0.0
,0,0.0
,0,0.0
,0,0.0
,0,0.0
,0,0.0
,0,0.0
,0,0.0
,0,0.0
,0,0.0
,0,0.0
,0,0.0
,0,0.0
,0,0.0
,0,0.0
,0,0.0
,0,0.0
,0,0.0
,0,0.0
,0,0.0
,0,0.0
,0,0.0
,0,0.0
,0,0.0
,0,0.0
,0,0.0
,0,0.0
,0,0.0
,0,0.0
,0,0.0
,0,0.0
,0,0.0
,0,0.0
,0,0.0
,0,0.0
,0,0.0
,0,0.0
,0,0.0
,0,0.0
,0,0.0
,0,0.0
,0,0.0
,0,0.0
,0,0.0
,0,0.0
,0,0.0
,0,0.0
,0,0.0
,0,0.0
,0,0.0
,0,0.0
,0,0.0
,0,0.0
,0,0.0
,0,0.0
,0,0.0
,0,0.0
,0,0.0
,0,0.0
,0,0.0
,0,0.0
,0,0.0
,0,0.0
,0,0.0
,0,0.0
,0,0.0
,0,0.0
,0,0.0
,0,0.0
,0,0.0
,0,0.0
,0,0.0
,0,0.0
,0,0.0
,0,0.0
,0,0.0
,0,0.0
,0,0.0
,0,0.0
,0,0.0
,0,0.0
,0,0.0
,0,0.0
,0,0.0
,0,0.0
,0,0.0
,0,0.0
,0,0.0
,0,0.0
,0,0.0
,0,0.0
,0,0.0
,0,0.0
,0,0.0
,0,0.0
,0,0.0
,0,0.0
,0,0.0
,0,0.0
,0,0.0
,0,0.0
,0,0.0
,0,0.0
,0,0.0
,0,0.0
,0,0.0
,0,0.0
,0,0.0
,0,0.0
,0,0.0
,0,0.0
,0,0.0
,0,0.0
,0,0.0
,0,0.0
,0,0.0
,0,0.0
,0,0.0
,0,0.0
,0,0.0
,0,0.0
,0,0.0
,0,0.0
,0,0.0
,0,0.0
,0,0.0
,0,0.0
,0,0.0
,0,0.0
,0,0.0
,0,0.0
,0,0.0
,0,0.0
,0,0.0
,0,0.0
,0,0.0
,0,0.0
,0,0.0
,0,0.0
,0,0.0
,0,0.0
,0,0.0
,0,0.0
,0,0.0
,0,0.0
,0,0.0
,0,0.0
,0,0.0
,0,0.0
,0,0.0
,0,0.0
,0,0.0
,0,0.0
,0,0.0
,0,0.0
,0,0.0
,0,0.0
,0,0.0
,0,0.0
,0,0.0
,0,0.0
,0,0.0
,0,0.0
,0,0.0
,0,0.0
,0,0.0
,0,0.0
,0,0.0
,0,0.0
,0,0.0
,0,0.0
,0,0.0
,0,0.0
,0,0.0
,0,0.0
,0,0.0
,0,0.0
,0,0.0
,0,0.0
,0,0.0
,0,0.0
,0,0.0
,0,0.0
,0,0.0
,0,0.0
,0,0.0
,0,0.0
,0,0.0
,0,0.0
,0,0.0
,0,0.0
,0,0.0
,0,0.0
,0,0.0
,0,0.0
,0,0.0
,0,0.0
,0,0.0
,0,0.0
,0,0.0
,0,0.0
,0,0.0
,0,0.0
,0,0.0
,0,0.0
,0,0.0
,0,0.0
,0,0.0
,0,0.0
,0,0.0
,0,0.0
,0,0.0
,0,0.0
,0,0.0
,0,0.0
,0,0.0
,0,0.0
,0,0.0
,0,0.0
,0,0.0
,0,0.0
,0,0.0
,0,0.0
,0,0.0
,0,0.0
,0,0.0
,0,0.0
,0,0.0
,0,0.0
,0,0.0
,0,0.0
,0,0.0
,0,0.0
,0,0.0
,0,0.0
,0,0.0
,0,0.0
,0,0.0
,0,0.0
,0,0.0
,0,0.0
,0,0.0
,0,0.0
,0,0.0
,0,0.0
,0,0.0
,0,0.0
,0,0.0
,0,0.0
,0,0.0
,0,0.0
,0,0.0
,0,0.0
,0,0.0
,0,0.0
,0,0.0
,0,0.0
,0,0.0
,0,0.0
,0,0.0
,0,0.0
,0,0.0
,0,0.0
,0,0.0
,0,0.0
,0,0.0
,0,0.0
,0,0.0
,0,0.0
,0,0.0
,0,0.0
,0,0.0
,0,0.0
,0,0.0
,0,0.0
,0,0.0
,0,0.0
,0,0.0
,0,0.0
,0,0.0
,0,0.0
,0,0.0
,0,0.0
,0,0.0
,0,0.0
,0,0.0
,0,0.0
,0,0.0
,0,0.0
,0,0.0
,0,0.0
,0,0.0
,0,0.0
,0,0.0
,0,0.0
,0,0.0
,0,0.0
,0,0.0
,0,0.0
,0,0.0
,0,0.0
,0,0.0
,0,0.0
,0,0.0
,0,0.0
,0,0.0
,0,0.0
,0,0.0
,0,0.0
,0,0.0
,0,0.0
,0,0.0
,0,0.0
,0,0.0
,0,0.0
,0,0.0
,0,0.0
,0,0.0
,0,0.0
,0,0.0
,0,0.0
,0,0.0
,0,0.0
,0,0.0
,0,0.0
,0,0.0
,0,0.0
,0,0.0
,0,0.0
,0,0.0
,0,0.0
,0,0.0
,0,0.0
,0,0.0
,0,0.0
,0,0.0
,0,0.0
,0,0.0
,0,0.0
,0,0.0
,0,0.0
,0,0.0
,0,0.0
,0,0.0
,0,0.0
,0,0.0
,0,0.0
,0,0.0
,0,0.0
,0,0.0
,0,0.0
,0,0.0
,0,0.0
,0,0.0
,0,0.0
,0,0.0
,0,0.0
,0,0.0
,0,0.0
,0,0.0
,0,0.0
,0,0.0
,0,0.0
,0,0.0
,0,0.0
,0,0.0
,0,0.0
,0,0.0
,0,0.0
,0,0.0
,0,0.0
,0,0.0
,0,0.0
,0,0.0
,0,0.0
,0,0.0
,0,0.0
,0,0.0
,0,0.0
,0,0.0
,0,0.0
,0,0.0
,0,0.0
,0,0.0
,0,0.0
,0,0.0
,0,0.0
,0,0.0
,0,0.0
,0,0.0
,0,0.0
,0,0.0
,0,0.0
,0,0.0
,0,0.0
,0,0.0
,0,0.0
,0,0.0
,0,0.0
,0,0.0
,0,0.0
,0,0.0
,0,0.0
,0,0.0
,0,0.0
,0,0.0
,0,0.0
,0,0.0
,0,0.0
,0,0.0
,0,0.0
,0,0.0
,0,0.0
,0,0.0
,0,0.0
,0,0.0
,0,0.0
,0,0.0
,0,0.0
,0,0.0
,0,0.0
,0,0.0
,0,0.0
,0,0.0
,0,0.0
,0,0.0
,0,0.0
,0,0.0
,0,0.0
,0,0.0
,0,0.0
,0,0.0
,0,0.0
,0,0.0
,0,0.0
,0,0.0
,0,0.0
,0,0.0
,0,0.0
,0,0.0
,0,0.0
,0,0.0
,0,0.0
,0,0.0
,0,0.0
,0,0.0
,0,0.0
,0,0.0
,0,0.0
,0,0.0
,0,0.0
,0,0.0
,0,0.0
,0,0.0
,0,0.0
,0,0.0
,0,0.0
,0,0.0
,0,0.0
,0,0.0
,0,0.0
,0,0.0
,0,0.0
,0,0.0
,0,0.0
,0,0.0
,0,0.0
,0,0.0
,0,0.0
,0,0.0
,0,0.0
,0,0.0
,0,0.0
,0,0.0
,0,0.0
,0,0.0
,0,0.0
,0,0.0
,0,0.0
,0,0.0
,0,0.0
,0,0.0
,0,0.0
,0,0.0
,0,0.0
,0,0.0
,0,0.0
,0,0.0
,0,0.0
,0,0.0
,0,0.0
,0,0.0
,0,0.0
,0,0.0
,0,0.0
,0,0.0
,0,0.0
,0,0.0
,0,0.0
,0,0.0
,0,0.0
,0,0.0
,0,0.0
,0,0.0
,0,0.0
,0,0.0
,0,0.0
,0,0.0
,0,0.0
,0,0.0
,0,0.0
,0,0.0
,0,0.0
,0,0.0
,0,0.0
,0,0.0
,0,0.0
,0,0.0
,0,0.0
,0,0.0
,0,0.0
,0,0.0
,0,0.0
,0,0.0
,0,0.0
,0,0.0
,0,0.0
,0,0.0
,0,0.0
,0,0.0
,0,0.0
,0,0.0
,0,0.0
,0,0.0
,0,0.0
,0,0.0
,0,0.0
,0,0.0
,0,0.0
,0,0.0
,0,0.0
,0,0.0
,0,0.0
,0,0.0
,0,0.0
,0,0.0
,0,0.0
,0,0.0
,0,0.0
,0,0.0
,0,0.0
,0,0.0
,0,0.0
,0,0.0
,0,0.0
,0,0.0
,0,0.0
,0,0.0
,0,0.0
,0,0.0
,0,0.0
,0,0.0
,0,0.0
,0,0.0
,0,0.0
,0,0.0
,0,0.0
,0,0.0
,0,0.0
,0,0.0
,0,0.0
,0,0.0
,0,0.0
,0,0.0
,0,0.0
,0,0.0
,0,0.0
,0,0.0
,0,0.0
,0,0.0
,0,0.0
,0,0.0
,0,0.0
,0,0.0
,0,0.0
,0,0.0
,0,0.0
,0,0.0
,0,0.0
,0,0.0
,0,0.0
,0,0.0
,0,0.0
,0,0.0
,0,0.0
,0,0.0
,0,0.0
,0,0.0
,0,0.0
,0,0.0
,0,0.0
,0,0.0
,0,0.0
,0,0.0
,0,0.0
,0,0.0
,0,0.0
,0,0.0
,0,0.0
,0,0.0
,0,0.0
,0,0.0
,0,0.0
,0,0.0
,0,0.0
,0,0.0
,0,0.0
,0,0.0
,0,0.0
,0,0.0
,0,0.0
,0,0.0
,0,0.0
,0,0.0
,0,0.0
,0,0.0
,0,0.0
,0,0.0
,0,0.0
,0,0.0
,0,0.0
,0,0.0
,0,0.0
,0,0.0
,0,0.0
,0,0.0
,0,0.0
,0,0.0
,0,0.0
,0,0.0
,0,0.0
,0,0.0
,0,0.0
,0,0.0
,0,0.0
,0,0.0
,0,0.0
,0,0.0
,0,0.0
,0,0.0
,0,0.0
,0,0.0
,0,0.0
,0,0.0
,0,0.0
,0,0.0
,0,0.0
,0,0.0
,0,0.0
,0,0.0
,0,0.0
,0,0.0
,0,0.0
,0,0.0
,0,0.0
,0,0.0
,0,0.0
,0,0.0
,0,0.0
,0,0.0
,0,0.0
,0,0.0
,0,0.0
,0,0.0
,0,0.0
,0,0.0
,0,0.0
,0,0.0
,0,0.0
,0,0.0
,0,0.0
,0,0.0
,0,0.0
,0,0.0
,0,0.0
,0,0.0
,0,0.0
,0,0.0
,0,0.0
,0,0.0
,0,0.0
,0,0.0
,0,0.0
,0,0.0
,0,0.0
,0,0.0
,0,0.0
,0,0.0
,0,0.0
,0,0.0
,0,0.0
,0,0.0
,0,0.0
,0,0.0
,0,0.0
,0,0.0
,0,0.0
,0,0.0
,0,0.0
,0,0.0
,0,0.0
,0,0.0
,0,0.0
,0,0.0
,0,0.0
,0,0.0
,0,0.0
,0,0.0
,0,0.0
,0,0.0
,0,0.0
,0,0.0
,0,0.0
,0,0.0
,0,0.0
,0,0.0
,0,0.0
,0,0.0
,0,0.0
,0,0.0
,0,0.0
,0,0.0
,0,0.0
,0,0.0
,0,0.0
,0,0.0
,0,0.0
,0,0.0
,0,0.0
,0,0.0
,0,0.0
,0,0.0
,0,0.0
,0,0.0
,0,0.0
,0,0.0
,0,0.0
,0,0.0
,0,0.0
,0,0.0
,0,0.0
,0,0.0
,0,0.0
,0,0.0
,0,0.0
,0,0.0
,0,0.0
,0,0.0
,0,0.0
,0,0.0
,0,0.0
,0,0.0
,0,0.0
,0,0.0
,0,0.0
,0,0.0
,0,0.0
,0,0.0
,0,0.0
,0,0.0
,0,0.0
,0,0.0
,0,0.0
,0,0.0
,0,0.0
,0,0.0
,0,0.0
,0,0.0
,0,0.0
,0,0.0
,0,0.0
,0,0.0
,0,0.0
,0,0.0
,0,0.0
,0,0.0
,0,0.0
,0,0.0
,0,0.0
,0,0.0
,0,0.0
,0,0.0
,0,0.0
,0,0.0
,0,0.0
,0,0.0
,0,0.0
,0,0.0
,0,0.0
,0,0.0
,0,0.0
,0,0.0
,0,0.0
,0,0.0
,0,0.0
,0,0.0
,0,0.0
,0,0.0
,0,0.0
,0,0.0
,0,0.0
,0,0.0
,0,0.0
,0,0.0
,0,0.0
,0,0.0
,0,0.0
,0,0.0
,0,0.0
,0,0.0
,0,0.0
,0,0.0
,0,0.0
,0,0.0
,0,0.0
,0,0.0
,0,0.0
,0,0.0
,0,0.0
,0,0.0
,0,0.0
,0,0.0
,0,0.0
,0,0.0
,0,0.0
,0,0.0
,0,0.0
,0,0.0
,0,0.0
,0,0.0
,0,0.0
,0,0.0
,0,0.0
,0,0.0
,0,0.0
,0,0.0
,0,0.0
,0,0.0
,0,0.0
,0,0.0
,0,0.0
,0,0.0
,0,0.0
,0,0.0
,0,0.0
,0,0.0
,0,0.0
,0,0.0
,0,0.0
,0,0.0
,0,0.0
,0,0.0
,0,0.0
,0,0.0
,0,0.0
,0,0.0
,0,0.0
,0,0.0
,0,0.0
,0,0.0
,0,0.0
,0,0.0
,0,0.0
,0,0.0
,0,0.0
,0,0.0
,0,0.0
,0,0.0
,0,0.0
,0,0.0
,0,0.0
,0,0.0
,0,0.0
,0,0.0
,0,0.0
,0,0.0
,0,0.0
,0,0.0
,0,0.0
,0,0.0
,0,0.0
,0,0.0
,0,0.0
,0,0.0
,0,0.0
,0,0.0
,0,0.0
,0,0.0
,0,0.0
,0,0.0
,0,0.0
,0,0.0
,0,0.0
,0,0.0
,0,0.0
,0,0.0
,0,0.0
,0,0.0
,0,0.0
,0,0.0
,0,0.0
,0,0.0
,0,0.0
,0,0.0
,0,0.0
,0,0.0
,0,0.0
,0,0.0
,0,0.0
,0,0.0
,0,0.0
,0,0.0
,0,0.0
,0,0.0
,0,0.0
,0,0.0
,0,0.0
,0,0.0
,0,0.0
,0,0.0
,0,0.0
,0,0.0
,0,0.0
,0,0.0
,0,0.0
,0,0.0
,0,0.0
,0,0.0
,0,0.0
,0,0.0
,0,0.0
,0,0.0
,0,0.0
,0,0.0
,0,0.0
,0,0.0
,0,0.0
,0,0.0
,0,0.0
,0,0.0
,0,0.0
,0,0.0
,0,0.0
,0,0.0
,0,0.0
,0,0.0
,0,0.0
,0,0.0
,0,0.0
,0,0.0
,0,0.0
,0,0.0
,0,0.0
,0,0.0
,0,0.0
,0,0.0
,0,0.0
,0,0.0
,0,0.0
,0,0.0
,0,0.0
,0,0.0
,0,0.0
,0,0.0
,0,0.0
,0,0.0
,0,0.0
,0,0.0
,0,0.0
,0,0.0
,0,0.0
,0,0.0
,0,0.0
,0,0.0
,0,0.0
,0,0.0
,0,0.0
,0,0.0
,0,0.0
,0,0.0
,0,0.0
,0,0.0
,0,0.0
,0,0.0
,0,0.0
,0,0.0
,0,0.0
,0,0.0
,0,0.0
,0,0.0
,0,0.0
,0,0.0
,0,0.0
,0,0.0
,0,0.0
,0,0.0
,0,0.0
,0,0.0
,0,0.0
,0,0.0
,0,0.0
,0,0.0
,0,0.0
,0,0.0
,0,0.0
,0,0.0
,0,0.0
,0,0.0
,0,0.0
,0,0.0
,0,0.0
,0,0.0
,0,0.0
,0,0.0
,0,0.0
,0,0.0
,0,0.0
,0,0.0
,0,0.0
,0,0.0
,0,0.0
,0,0.0
,0,0.0
,0,0.0
,0,0.0
,0,0.0
,0,0.0
,0,0.0
,0,0.0
,0,0.0
,0,0.0
,0,0.0
,0,0.0
,0,0.0
,0,0.0
,0,0.0
,0,0.0
,0,0.0
,0,0.0
,0,0.0
,0,0.0
,0,0.0
,0,0.0
,0,0.0
,0,0.0
,0,0.0
,0,0.0
,0,0.0
,0,0.0
,0,0.0
,0,0.0
,0,0.0
,0,0.0
,0,0.0
,0,0.0
,0,0.0
,0,0.0
,0,0.0
,0,0.0
,0,0.0
,0,0.0
,0,0.0
,0,0.0
,0,0.0
,0,0.0
,0,0.0
,0,0.0
,0,0.0
,0,0.0
,0,0.0
,0,0.0
,0,0.0
,0,0.0
,0,0.0
,0,0.0
,0,0.0
,0,0.0
,0,0.0
,0,0.0
,0,0.0
,0,0.0
,0,0.0
,0,0.0
,0,0.0
,0,0.0
,0,0.0
,0,0.0
,0,0.0
,0,0.0
,0,0.0
,0,0.0
,0,0.0
,0,0.0
,0,0.0
,0,0.0
,0,0.0
,0,0.0
,0,0.0
,0,0.0
,0,0.0
,0,0.0
,0,0.0
,0,0.0
,0,0.0
,0,0.0
,0,0.0
,0,0.0
,0,0.0
,0,0.0
,0,0.0
,0,0.0
,0,0.0
,0,0.0
,0,0.0
,0,0.0
,0,0.0
,0,0.0
,0,0.0
,0,0.0
,0,0.0
,0,0.0
,0,0.0
,0,0.0
,0,0.0
,0,0.0
,0,0.0
,0,0.0
,0,0.0
,0,0.0
,0,0.0
,0,0.0
,0,0.0
,0,0.0
,0,0.0
,0,0.0
,0,0.0
,0,0.0
,0,0.0
,0,0.0
,0,0.0
,0,0.0
,0,0.0
,0,0.0
,0,0.0
,0,0.0
,0,0.0
,0,0.0
,0,0.0
,0,0.0
,0,0.0
,0,0.0
,0,0.0
,0,0.0
,0,0.0
,0,0.0
,0,0.0
,0,0.0
,0,0.0
,0,0.0
,0,0.0
,0,0.0
,0,0.0
,0,0.0
,0,0.0
,0,0.0
,0,0.0
,0,0.0
,0,0.0
,0,0.0
,0,0.0
,0,0.0
,0,0.0
,0,0.0
,0,0.0
,0,0.0
,0,0.0
,0,0.0
,0,0.0
,0,0.0
,0,0.0
,0,0.0
,0,0.0
,0,0.0
,0,0.0
,0,0.0
,0,0.0
,0,0.0
,0,0.0
,0,0.0
,0,0.0
,0,0.0
,0,0.0
,0,0.0
,0,0.0
,0,0.0
,0,0.0
,0,0.0
,0,0.0
,0,0.0
,0,0.0
,0,0.0
,0,0.0
,0,0.0
,0,0.0
,0,0.0
,0,0.0
,0,0.0
,0,0.0
,0,0.0
,0,0.0
,0,0.0
,0,0.0
,0,0.0
,0,0.0
,0,0.0
,0,0.0
,0,0.0
,0,0.0
,0,0.0
,0,0.0
,0,0.0
,0,0.0
,0,0.0
,0,0.0
,0,0.0
,0,0.0
,0,0.0
,0,0.0
,0,0.0
,0,0.0
,0,0.0
,0,0.0
,0,0.0
,0,0.0
,0,0.0
,0,0.0
,0,0.0
,0,0.0
,0,0.0
,0,0.0
,0,0.0
,0,0.0
,0,0.0
,0,0.0
,0,0.0
,0,0.0
,0,0.0
,0,0.0
,0,0.0
,0,0.0
,0,0.0
,0,0.0
,0,0.0
,0,0.0
,0,0.0
,0,0.0
,0,0.0
,0,0.0
,0,0.0
,0,0.0
,0,0.0
,0,0.0
,0,0.0
,0,0.0
,0,0.0
,0,0.0
,0,0.0
,0,0.0
,0,0.0
,0,0.0
,0,0.0
,0,0.0
,0,0.0
,0,0.0
,0,0.0
,0,0.0
,0,0.0
,0,0.0
,0,0.0
,0,0.0
,0,0.0
,0,0.0
,0,0.0
,0,0.0
,0,0.0
,0,0.0
,0,0.0
,0,0.0
,0,0.0
,0,0.0
,0,0.0
,0,0.0
,0,0.0
,0,0.0
,0,0.0
,0,0.0
,0,0.0
,0,0.0
,0,0.0
,0,0.0
,0,0.0
,0,0.0
,0,0.0
,0,0.0
,0,0.0
,0,0.0
,0,0.0
,0,0.0
,0,0.0
,0,0.0
,0,0.0
,0,0.0
,0,0.0
,0,0.0
,0,0.0
,0,0.0
,0,0.0
,0,0.0
,0,0.0
,0,0.0
,0,0.0
,0,0.0
,0,0.0
,0,0.0
,0,0.0
,0,0.0
,0,0.0
,0,0.0
,0,0.0
,0,0.0
,0,0.0
,0,0.0
,0,0.0
,0,0.0
,0,0.0
,0,0.0
,0,0.0
,0,0.0
,0,0.0
,0,0.0
,0,0.0
,0,0.0
,0,0.0
,0,0.0
,0,0.0
,0,0.0
,0,0.0
,0,0.0
,0,0.0
,0,0.0
,0,0.0
,0,0.0
,0,0.0
,0,0.0
,0,0.0
,0,0.0
,0,0.0
,0,0.0
,0,0.0
,0,0.0
,0,0.0
,0,0.0
,0,0.0
,0,0.0
,0,0.0
,0,0.0
,0,0.0
,0,0.0
,0,0.0
,0,0.0
,0,0.0
,0,0.0
,0,0.0
,0,0.0
,0,0.0
,0,0.0
,0,0.0
,0,0.0
,0,0.0
,0,0.0
,0,0.0
,0,0.0
,0,0.0
,0,0.0
,0,0.0
,0,0.0
,0,0.0
,0,0.0
,0,0.0
,0,0.0
,0,0.0
,0,0.0
,0,0.0
,0,0.0
,0,0.0
,0,0.0
,0,0.0
,0,0.0
,0,0.0
,0,0.0
,0,0.0
,0,0.0
,0,0.0
,0,0.0
,0,0.0
,0,0.0
,0,0.0
,0,0.0
,0,0.0
,0,0.0
,0,0.0
,0,0.0
,0,0.0
,0,0.0
,0,0.0
,0,0.0
,0,0.0
,0,0.0
,0,0.0
,0,0.0
,0,0.0
,0,0.0
,0,0.0
,0,0.0
,0,0.0
,0,0.0
,0,0.0
,0,0.0
,0,0.0
,0,0.0
,0,0.0
,0,0.0
,0,0.0
,0,0.0
,0,0.0
,0,0.0
,0,0.0
,0,0.0
,0,0.0
,0,0.0
,0,0.0
,0,0.0
,0,0.0
,0,0.0
,0,0.0
,0,0.0
,0,0.0
,0,0.0
,0,0.0
,0,0.0
,0,0.0
,0,0.0
,0,0.0
,0,0.0
,0,0.0
,0,0.0
,0,0.0
,0,0.0
,0,0.0
,0,0.0
,0,0.0
,0,0.0
,0,0.0
,0,0.0
,0,0.0
,0,0.0
,0,0.0
,0,0.0
,0,0.0
,0,0.0
,0,0.0
,0,0.0
,0,0.0
,0,0.0
,0,0.0
,0,0.0
,0,0.0
,0,0.0
,0,0.0
,0,0.0
,0,0.0
,0,0.0
,0,0.0
,0,0.0
,0,0.0
,0,0.0
,0,0.0
,0,0.0
,0,0.0
,0,0.0
,0,0.0
,0,0.0
,0,0.0
,0,0.0
,0,0.0
,0,0.0
,0,0.0
,0,0.0
,0,0.0
,0,0.0
,0,0.0
,0,0.0
,0,0.0
,0,0.0
,0,0.0
,0,0.0
,0,0.0
,0,0.0
,0,0.0
,0,0.0
,0,0.0
,0,0.0
,0,0.0
,0,0.0
,0,0.0
,0,0.0
,0,0.0
,0,0.0
,0,0.0
,0,0.0
,0,0.0
,0,0.0
,0,0.0
,0,0.0
,0,0.0
,0,0.0
,0,0.0
,0,0.0
,0,0.0
,0,0.0
,0,0.0
,0,0.0
,0,0.0
,0,0.0
,0,0.0
,0,0.0
,0,0.0
,0,0.0
,0,0.0
,0,0.0
,0,0.0
,0,0.0
,0,0.0
,0,0.0
,0,0.0
,0,0.0
,0,0.0
,0,0.0
,0,0.0
,0,0.0
,0,0.0
,0,0.0
,0,0.0
,0,0.0
,0,0.0
,0,0.0
,0,0.0
,0,0.0
,0,0.0
,0,0.0
,0,0.0
,0,0.0
,0,0.0
,0,0.0
,0,0.0
,0,0.0
,0,0.0
,0,0.0
,0,0.0
,0,0.0
,0,0.0
,0,0.0
,0,0.0
,0,0.0
,0,0.0
,0,0.0
,0,0.0
,0,0.0
,0,0.0
,0,0.0
,0,0.0
,0,0.0
,0,0.0
,0,0.0
,0,0.0
,0,0.0
,0,0.0
,0,0.0
,0,0.0
,0,0.0
,0,0.0
,0,0.0
,0,0.0
,0,0.0
,0,0.0
,0,0.0
,0,0.0
,0,0.0
,0,0.0
,0,0.0
,0,0.0
,0,0.0
,0,0.0
,0,0.0
,0,0.0
,0,0.0
,0,0.0
,0,0.0
,0,0.0
,0,0.0
,0,0.0
,0,0.0
,0,0.0
,0,0.0
,0,0.0
,0,0.0
,0,0.0
,0,0.0
,0,0.0
,0,0.0
317.10870049176555,0,0.3333333333333333
326.809165607996,0,1.0
325.31577800706964,0,1.0
324.404020551815,0,0.3333333333333333
,0,0.0
,0,0.0
,0,0.0
,0,0.0
166.53945329639825,0,0.3333333333333333
166.58027707267615,0,0.5
,0,0.0
,0,0.0
351.43151806651605,0,0.25
352.5037983149569,0,1.0
,0,0.0
173.35199520072413,0,0.25
173.11033753403876,0,1.0
173.7541014843242,0,0.3333333333333333
,0,0.0
,0,0.0
,0,0.0
,0,0.0
,0,0.0
,0,0.0
,0,0.0
,0,0.0
,0,0.0
,0,0.0
,0,0.0
,0,0.0
,0,0.0
,0,0.0
,0,0.0
,0,0.0
,0,0.0
,0,0.0
,0,0.0
,0,0.0
,0,0.0
,0,0.0
,0,0.0
,0,0.0
,0,0.0
,0,0.0
,0,0.0
,0,0.0
,0,0.0
,0,0.0
,0,0.0
,0,0.0
,0,0.0
,0,0.0
,0,0.0
,0,0.0
,0,0.0
,0,0.0
,0,0.0
,0,0.0
,0,0.0
,0,0.0
,0,0.0
,0,0.0
,0,0.0
,0,0.0
,0,0.0
,0,0.0
,0,0.0
,0,0.0
,0,0.0
,0,0.0
,0,0.0
,0,0.0
,0,0.0
,0,0.0
,0,0.0
,0,0.0
,0,0.0
,0,0.0
,0,0.0
,0,0.0
,0,0.0
,0,0.0
,0,0.0
,0,0.0
,0,0.0
,0,0.0
,0,0.0
,0,0.0
,0,0.0
,0,0.0
,0,0.0
,0,0.0
,0,0.0
,0,0.0
,0,0.0
,0,0.0
,0,0.0
,0,0.0
,0,0.0
,0,0.0
,0,0.0
,0,0.0
,0,0.0
,0,0.0
,0,0.0
,0,0.0
,0,0.0
,0,0.0
,0,0.0
,0,0.0
,0,0.0
,0,0.0
,0,0.0
,0,0.0
,0,0.0
,0,0.0
,0,0.0
,0,0.0
,0,0.0
,0,0.0
,0,0.0
,0,0.0
,0,0.0
,0,0.0
,0,0.0
,0,0.0
,0,0.0
,0,0.0
,0,0.0
,0,0.0
,0,0.0
,0,0.0
,0,0.0
,0,0.0
,0,0.0
,0,0.0
,0,0.0
,0,0.0
,0,0.0
,0,0.0
,0,0.0
,0,0.0
,0,0.0
,0,0.0
,0,0.0
,0,0.0
,0,0.0
,0,0.0
,0,0.0
,0,0.0
,0,0.0
,0,0.0
,0,0.0
,0,0.0
,0,0.0
,0,0.0
,0,0.0
,0,0.0
,0,0.0
,0,0.0
,0,0.0
,0,0.0
,0,0.0
,0,0.0
,0,0.0
,0,0.0
,0,0.0
,0,0.0
,0,0.0
,0,0.0
,0,0.0
,0,0.0
,0,0.0
,0,0.0
,0,0.0
,0,0.0
,0,0.0
,0,0.0
,0,0.0
,0,0.0
,0,0.0
,0,0.0
,0,0.0
,0,0.0
,0,0.0
,0,0.0
,0,0.0
,0,0.0
,0,0.0
,0,0.0
,0,0.0
,0,0.0
,0,0.0
,0,0.0
,0,0.0
,0,0.0
,0,0.0
,0,0.0
,0,0.0
,0,0.0
,0,0.0
,0,0.0
,0,0.0
,0,0.0
,0,0.0
,0,0.0
,0,0.0
,0,0.0
,0,0.0
,0,0.0
,0,0.0
,0,0.0
,0,0.0
,0,0.0
,0,0.0
,0,0.0
,0,0.0
,0,0.0
,0,0.0
,0,0.0
,0,0.0
,0,0.0
,0,0.0
,0,0.0
,0,0.0
,0,0.0
,0,0.0
,0,0.0
,0,0.0
,0,0.0
,0,0.0
,0,0.0
,0,0.0
,0,0.0
,0,0.0
,0,0.0
,0,0.0
,0,0.0
,0,0.0
,0,0.0
,0,0.0
,0,0.0
,0,0.0
,0,0.0
,0,0.0
,0,0.0
,0,0.0
,0,0.0
,0,0.0
,0,0.0
,0,0.0
,0,0.0
,0,0.0
,0,0.0
,0,0.0
,0,0.0
,0,0.0
,0,0.0
,0,0.0
,0,0.0
,0,0.0
,0,0.0
,0,0.0
,0,0.0
,0,0.0
,0,0.0
,0,0.0
,0,0.0
,0,0.0
,0,0.0
,0,0.0
,0,0.0
,0,0.0
,0,0.0
,0,0.0
,0,0.0
,0,0.0
,0,0.0
,0,0.0
,0,0.0
,0,0.0
,0,0.0
,0,0.0
,0,0.0
,0,0.0
,0,0.0
,0,0.0
,0,0.0
,0,0.0
,0,0.0
,0,0.0
,0,0.0
,0,0.0
,0,0.0
,0,0.0
,0,0.0
,0,0.0
,0,0.0
,0,0.0
,0,0.0
,0,0.0
,0,0.0
,0,0.0
,0,0.0
,0,0.0
,0,0.0
,0,0.0
,0,0.0
,0,0.0
,0,0.0
,0,0.0
,0,0.0
,0,0.0
,0,0.0
,0,0.0
,0,0.0
,0,0.0
,0,0.0
,0,0.0
,0,0.0
,0,0.0
,0,0.0
,0,0.0
,0,0.0
,0,0.0
,0,0.0
,0,0.0
,0,0.0
,0,0.0
,0,0.0
,0,0.0
,0,0.0
,0,0.0
,0,0.0
,0,0.0
,0,0.0
,0,0.0
,0,0.0
,0,0.0
,0,0.0
,0,0.0
,0,0.0
,0,0.0
,0,0.0
,0,0.0
,0,0.0
,0,0.0
,0,0.0
,0,0.0
,0,0.0
,0,0.0
,0,0.0
,0,0.0
,0,0.0
,0,0.0
,0,0.0
,0,0.0
,0,0.0
,0,0.0
,0,0.0
,0,0.0
,0,0.0
,0,0.0
,0,0.0
,0,0.0
,0,0.0
,0,0.0
,0,0.0
,0,0.0
,0,0.0
,0,0.0
,0,0.0
,0,0.0
,0,0.0
,0,0.0
,0,0.0
,0,0.0
,0,0.0
,0,0.0
,0,0.0
,0,0.0
,0,0.0
,0,0.0
,0,0.0
,0,0.0
,0,0.0
,0,0.0
,0,0.0
,0,0.0
,0,0.0
,0,0.0
,0,0.0
,0,0.0
,0,0.0
,0,0.0
,0,0.0
,0,0.0
,0,0.0
,0,0.0
,0,0.0
,0,0.0
,0,0.0
,0,0.0
,0,0.0
,0,0.0
,0,0.0
,0,0.0
,0,0.0
,0,0.0
,0,0.0
,0,0.0
,0,0.0
,0,0.0
,0,0.0
,0,0.0
,0,0.0
,0,0.0
,0,0.0
,0,0.0
,0,0.0
,0,0.0
,0,0.0
,0,0.0
,0,0.0
,0,0.0
,0,0.0
,0,0.0
,0,0.0
,0,0.0
,0,0.0
,0,0.0
,0,0.0
,0,0.0
,0,0.0
,0,0.0
,0,0.0
,0,0.0
,0,0.0
,0,0.0
,0,0.0
,0,0.0
,0,0.0
,0,0.0
,0,0.0
,0,0.0
,0,0.0
,0,0.0
,0,0.0
,0,0.0
,0,0.0
,0,0.0
,0,0.0
,0,0.0
,0,0.0
,0,0.0
,0,0.0
,0,0.0
,0,0.0
,0,0.0
,0,0.0
,0,0.0
,0,0.0
,0,0.0
,0,0.0
,0,0.0
,0,0.0
,0,0.0
,0,0.0
,0,0.0
,0,0.0
,0,0.0
,0,0.0
,0,0.0
,0,0.0
,0,0.0
,0,0.0
,0,0.0
,0,0.0
,0,0.0
,0,0.0
,0,0.0
,0,0.0
,0,0.0
,0,0.0
,0,0.0
,0,0.0
,0,0.0
,0,0.0
,0,0.0
,0,0.0
,0,0.0
,0,0.0
,0,0.0
,0,0.0
,0,0.0
,0,0.0
,0,0.0
,0,0.0
,0,0.0
,0,0.0
,0,0.0
,0,0.0
,0,0.0
,0,0.0
,0,0.0
,0,0.0
,0,0.0
,0,0.0
,0,0.0
,0,0.0
,0,0.0
,0,0.0
,0,0.0
,0,0.0
,0,0.0
,0,0.0
,0,0.0
,0,0.0
,0,0.0
,0,0.0
,0,0.0
,0,0.0
,0,0.0
,0,0.0
,0,0.0
,0,0.0
,0,0.0
,0,0.0
,0,0.0
,0,0.0
,0,0.0
,0,0.0
,0,0.0
,0,0.0
,0,0.0
,0,0.0
,0,0.0
,0,0.0
,0,0.0
,0,0.0
,0,0.0
,0,0.0
,0,0.0
,0,0.0
,0,0.0
,0,0.0
,0,0.0
,0,0.0
,0,0.0
,0,0.0
,0,0.0
,0,0.0
,0,0.0
,0,0.0
,0,0.0
,0,0.0
,0,0.0
,0,0.0
,0,0.0
,0,0.0
,0,0.0
,0,0.0
,0,0.0
,0,0.0
,0,0.0
,0,0.0
,0,0.0
,0,0.0
,0,0.0
,0,0.0
,0,0.0
,0,0.0
,0,0.0
,0,0.0
,0,0.0
,0,0.0
,0,0.0
,0,0.0
,0,0.0
,0,0.0
,0,0.0
,0,0.0
,0,0.0
,0,0.0
,0,0.0
,0,0.0
,0,0.0
,0,0.0
,0,0.0
,0,0.0
,0,0.0
,0,0.0
,0,0.0
,0,0.0
,0,0.0
,0,0.0
,0,0.0
,0,0.0
,0,0.0
,0,0.0
,0,0.0
,0,0.0
,0,0.0
,0,0.0
,0,0.0
,0,0.0
,0,0.0
,0,0.0
,0,0.0
,0,0.0
,0,0.0
,0,0.0
,0,0.0
,0,0.0
,0,0.0
,0,0.0
,0,0.0
,0,0.0
,0,0.0
,0,0.0
,0,0.0
,0,0.0
,0,0.0
,0,0.0
,0,0.0
,0,0.0
,0,0.0
,0,0.0
,0,0.0
,0,0.0
,0,0.0
,0,0.0
,0,0.0
,0,0.0
,0,0.0
,0,0.0
,0,0.0
395.902406500438,0,0.3333333333333333
389.3029785086833,0,1.0
388.682977258085,0,1.0
375.36981222821106,0,1.0
369.283670830167,0,1.0
355.78642324050116,0,0.75
,0,0.0
263.468972733526,0,1.0
260.73906723752464,0,1.0
260.2715588209974,0,1.0
260.80405675116486,0,1.0
257.6784424028857,0,1.0
262.323268561837,0,1.0
262.3589715552877,0,1.0
264.44640542596875,0,1.0
265.35314093422113,0,1.0
259.96802666883184,0,1.0
258.0929931796825,0,1.0
258.5653287379644,0,1.0
260.25432235189504,0,1.0
259.74676198081147,0,1.0
256.58329137516176,0,1.0
257.8569606504011,0,1.0
257.91541430193297,0,0.5
,0,0.0
,0,0.0
,0,0.0
,0,0.0
,0,0.0
,0,0.0
,0,0.0
261.8636461374847,0,0.6666666666666666
256.2810986914832,0,1.0
251.7742793429651,0,1.0
247.66421888413603,0,1.0
246.60500780874696,0,1.0
245.9777831778465,0,1.0
243.01673330841095,0,1.0
244.36432542635686,0,1.0
241.87096355181674,0,1.0
243.35653895899804,0,1.0
241.84427540898793,0,1.0
242.91508170148958,0,1.0
242.0198460479522,0,1.0
243.03899697491605,0,1.0
240.57614090097005,0,1.0
243.51118991444977,0,1.0
242.3910108031765,0,1.0
243.2389091289657,0,1.0
243.62746806079676,0,1.0
242.9093544097267,0,1.0
244.25553045646197,0,1.0
242.73756678676014,0,1.0
242.24563886142425,0,1.0
241.6407542122083,0,1.0
241.13736218291487,0,1.0
241.0277602513709,0,1.0
238.92427138683777,0,1.0
240.05354928683428,0,1.0
239.91214882100155,0,1.0
240.07409767444514,0,1.0
238.51605520558144,0,1.0
238.80144475804656,0,1.0
238.24137877868156,0,1.0
237.24617530452963,0,1.0
233.720492277964,0,1.0
229.30542511368267,0,1.0
219.9415115536513,0,1.0
222.40017536206597,0,1.0
224.54153591701947,0,0.3333333333333333
,0,0.0
,0,0.0
,0,0.0
,0,0.0
,0,0.0
,0,0.0
,0,0.0
,0,0.0
,0,0.0
,0,0.0
,0,0.0
,0,0.0
,0,0.0
,0,0.0
,0,0.0
,0,0.0
,0,0.0
,0,0.0
,0,0.0
,0,0.0
,0,0.0
,0,0.0
,0,0.0
,0,0.0
,0,0.0
,0,0.0
,0,0.0
,0,0.0
,0,0.0
,0,0.0
,0,0.0
,0,0.0
,0,0.0
,0,0.0
,0,0.0
,0,0.0
,0,0.0
,0,0.0
,0,0.0
,0,0.0
,0,0.0
,0,0.0
,0,0.0
,0,0.0
,0,0.0
,0,0.0
,0,0.0
,0,0.0
,0,0.0
,0,0.0
,0,0.0
,0,0.0
,0,0.0
,0,0.0
326.4510650899948,0,0.5
329.92321764207645,0,1.0
332.06183634607135,0,1.0
335.4902182985233,0,1.0
335.29805586380576,0,0.3333333333333333
,0,0.0
,0,0.0
,0,0.0
,0,0.0
,0,0.0
,0,0.0
,0,0.0
,0,0.0
,0,0.0
,0,0.0
,0,0.0
,0,0.0
,0,0.0
,0,0.0
,0,0.0
,0,0.0
,0,0.0
,0,0.0
,0,0.0
,0,0.0
,0,0.0
,0,0.0
,0,0.0
,0,0.0
,0,0.0
,0,0.0
,0,0.0
,0,0.0
,0,0.0
,0,0.0
,0,0.0
,0,0.0
,0,0.0
,0,0.0
,0,0.0
,0,0.0
,0,0.0
,0,0.0
,0,0.0
,0,0.0
,0,0.0
,0,0.0
,0,0.0
,0,0.0
,0,0.0
,0,0.0
,0,0.0
,0,0.0
,0,0.0
,0,0.0
,0,0.0
,0,0.0
,0,0.0
,0,0.0
,0,0.0
,0,0.0
,0,0.0
,0,0.0
,0,0.0
,0,0.0
,0,0.0
,0,0.0
,0,0.0
,0,0.0
,0,0.0
,0,0.0
,0,0.0
,0,0.0
,0,0.0
,0,0.0
,0,0.0
,0,0.0
,0,0.0
,0,0.0
,0,0.0
,0,0.0
,0,0.0
,0,0.0
,0,0.0
,0,0.0
,0,0.0
,0,0.0
,0,0.0
,0,0.0
,0,0.0
,0,0.0
,0,0.0
,0,0.0
,0,0.0
,0,0.0
,0,0.0
,0,0.0
,0,0.0
,0,0.0
,0,0.0
,0,0.0
,0,0.0
,0,0.0
,0,0.0
,0,0.0
,0,0.0
,0,0.0
,0,0.0
,0,0.0
,0,0.0
,0,0.0
,0,0.0
,0,0.0
,0,0.0
,0,0.0
,0,0.0
,0,0.0
,0,0.0
,0,0.0
,0,0.0
,0,0.0
,0,0.0
,0,0.0
,0,0.0
,0,0.0
,0,0.0
,0,0.0
,0,0.0
,0,0.0
,0,0.0
,0,0.0
,0,0.0
,0,0.0
,0,0.0
,0,0.0
,0,0.0
,0,0.0
,0,0.0
,0,0.0
,0,0.0
,0,0.0
,0,0.0
,0,0.0
,0,0.0
,0,0.0
,0,0.0
,0,0.0
,0,0.0
,0,0.0
,0,0.0
,0,0.0
,0,0.0
,0,0.0
,0,0.0
,0,0.0
,0,0.0
,0,0.0
,0,0.0
,0,0.0
,0,0.0
,0,0.0
,0,0.0
,0,0.0
,0,0.0
,0,0.0
,0,0.0
,0,0.0
,0,0.0
,0,0.0
,0,0.0
,0,0.0
,0,0.0
,0,0.0
,0,0.0
,0,0.0
,0,0.0
,0,0.0
,0,0.0
,0,0.0
,0,0.0
,0,0.0
,0,0.0
,0,0.0
,0,0.0
,0,0.0
,0,0.0
,0,0.0
,0,0.0
,0,0.0
,0,0.0
,0,0.0
,0,0.0
,0,0.0
,0,0.0
,0,0.0
,0,0.0
,0,0.0
,0,0.0
,0,0.0
,0,0.0
,0,0.0
,0,0.0
,0,0.0
,0,0.0
,0,0.0
,0,0.0
,0,0.0
,0,0.0
,0,0.0
,0,0.0
,0,0.0
,0,0.0
,0,0.0
,0,0.0
,0,0.0
,0,0.0
,0,0.0
,0,0.0
,0,0.0
,0,0.0
,0,0.0
,0,0.0
,0,0.0
,0,0.0
,0,0.0
,0,0.0
,0,0.0
,0,0.0
,0,0.0
,0,0.0
,0,0.0
,0,0.0
,0,0.0
,0,0.0
,0,0.0
,0,0.0
,0,0.0
,0,0.0
,0,0.0
,0,0.0
,0,0.0
,0,0.0
,0,0.0
,0,0.0
,0,0.0
,0,0.0
,0,0.0
,0,0.0
,0,0.0
,0,0.0
,0,0.0
,0,0.0
,0,0.0
,0,0.0
,0,0.0
,0,0.0
,0,0.0
,0,0.0
,0,0.0
,0,0.0
,0,0.0
,0,0.0
,0,0.0
,0,0.0
,0,0.0
,0,0.0
,0,0.0
,0,0.0
,0,0.0
,0,0.0
,0,0.0
,0,0.0
,0,0.0
,0,0.0
,0,0.0
,0,0.0
,0,0.0
,0,0.0
,0,0.0
,0,0.0
,0,0.0
,0,0.0
,0,0.0
,0,0.0
,0,0.0
,0,0.0
,0,0.0
,0,0.0
,0,0.0
,0,0.0
,0,0.0
,0,0.0
408.86858554640975,0,0.0
409.7382188496568,0,0.0
407.16680240833244,0,0.0
411.59193331265845,0,0.0
409.84385762022885,0,0.0
409.2130153194708,0,0.0
,0,0.0
409.3568682132776,0,0.0
409.63878653101546,0,0.0
409.663519360614,0,0.0
,0,0.0
409.6129446357229,0,0.0
409.86282735477886,0,0.0
408.92242571680555,0,0.0
,0,0.0
,0,0.0
,0,0.0
,0,0.0
,0,0.0
,0,0.0
,0,0.0
,0,0.0
,0,0.0
,0,0.0
,0,0.0
,0,0.0
,0,0.0
,0,0.0
,0,0.0
409.08053824557265,0,0.0
409.86751760479257,0,0.0
410.01848255956565,0,0.0
410.3105948535071,0,0.0
409.7245751644188,0,0.0
409.90484576735474,0,0.0
410.4181747614282,0,0.0
409.8941506770143,0,0.0
408.8847106581091,0,0.0
409.36844030801103,0,0.0
409.6045585545965,0,0.0
410.05741546447956,0,0.0
410.4685122129413,0,0.0
409.80986395423616,0,0.0
410.16178861628686,0,0.0
410.5774148204801,0,0.0
411.59847079135307,0,0.0
,0,0.0
,0,0.0
,0,0.0
,0,0.0
,0,0.0
,0,0.0
,0,0.0
,0,0.0
,0,0.0
,0,0.0
,0,0.0
,0,0.0
,0,0.0
,0,0.0
,0,0.0
,0,0.0
,0,0.0
,0,0.0
,0,0.0
409.64201260090806,0,0.0
410.1766795985124,0,0.0
410.34627771376535,0,0.0
408.91177786901136,0,0.0
407.9956395955426,0,0.0
,0,0.0
,0,0.0
,0,0.0
,0,0.0
411.2151073682347,0,0.0
410.0717436459541,0,0.0
410.2429336920684,0,0.0
410.2791605245158,0,0.0
411.4332087497368,0,0.0
410.19009678338557,0,0.0
409.75324613579687,0,0.0
,0,0.0
,0,0.0
,0,0.0
,0,0.0
,0,0.0
,0,0.0
,0,0.0
,0,0.0
,0,0.0
,0,0.0
,0,0.0
,0,0.0
,0,0.0
,0,0.0
,0,0.0
,0,0.0
,0,0.0
,0,0.0
,0,0.0
,0,0.0
,0,0.0
,0,0.0
409.90089554536524,0,0.0
409.81879438747177,0,0.0
410.2604182173907,0,0.0
409.9372538175093,0,0.0
410.5593863807533,0,0.0
409.72341829914666,0,0.0
410.53859538952076,0,0.0
,0,0.0
,0,0.0
,0,0.0
,0,0.0
,0,0.0
,0,0.0
,0,0.0
,0,0.0
,0,0.0
,0,0.0
,0,0.0
,0,0.0
,0,0.0
,0,0.0
,0,0.0
,0,0.0
,0,0.0
,0,0.0
,0,0.0
,0,0.0
,0,0.0
,0,0.0
,0,0.0
,0,0.0
,0,0.0
,0,0.0
,0,0.0
,0,0.0
,0,0.0
,0,0.0
,0,0.0
,0,0.0
,0,0.0
,0,0.0
,0,0.0
,0,0.0
,0,0.0
,0,0.0
,0,0.0
,0,0.0
,0,0.0
,0,0.0
,0,0.0
,0,0.0
,0,0.0
,0,0.0
,0,0.0
,0,0.0
,0,0.0
,0,0.0
,0,0.0
,0,0.0
,0,0.0
,0,0.0
,0,0.0
,0,0.0
,0,0.0
,0,0.0
,0,0.0
,0,0.0
,0,0.0
,0,0.0
,0,0.0
,0,0.0
,0,0.0
,0,0.0
,0,0.0
224.72872339269153,0,0.75
224.6169117098249,0,1.0
224.12732092327676,0,1.0
223.89873863727883,0,1.0
217.707038722167,0,1.0
213.2720733929339,0,1.0
210.8330735378482,0,1.0
209.05084343401236,0,1.0
213.95206139232258,0,1.0
212.26690307337427,0,1.0
207.38289865743874,0,1.0
209.45180722078229,0,1.0
210.02985617197473,0,1.0
211.82780436661622,0,1.0
207.78628561132146,0,1.0
203.87678258889537,0,1.0
200.53212050585705,0,1.0
203.33606177586708,0,1.0
211.3424264188632,0,1.0
212.80694689582015,0,0.6666666666666666
,0,0.0
,0,0.0
,0,0.0
,0,0.0
,0,0.0
,0,0.0
,0,0.0
,0,0.0
,0,0.0
,0,0.0
,0,0.0
,0,0.0
,0,0.0
,0,0.0
,0,0.0
,0,0.0
,0,0.0
205.70846653601464,0,0.0
205.25177181007905,0,0.0
194.2850611562595,0,0.0
193.81967333913187,0,0.0
197.71278094544928,0,0.0
195.05713145633547,0,0.0
197.28270836988835,0,0.0
193.59814224983623,0,0.0
192.94783469334007,0,0.0
192.3216787674193,0,0.0
193.915168817266,0,0.0
,0,0.0
,0,0.0
,0,0.0
,0,0.0
83.30911655201548,0,0.0
82.46385133053899,0,0.0
154.20290728551603,0,0.0
158.39611085014127,0,0.0
,0,0.0
,0,0.0
,0,0.0
,0,0.0
,0,0.0
190.084456342166,0,0.0
191.22241969684546,0,0.0
191.6070608407958,0,0.0
180.15463973553383,0,0.0
,0,0.0
,0,0.0
,0,0.0
,0,0.0
226.7429993033947,0,0.0
219.59135903100025,0,0.0
210.74276568608295,0,0.0
208.87454372823518,0,0.0
208.08906713401677,0,0.0
208.42882476230014,0,0.0
,0,0.0
,0,0.0
,0,0.0
214.0891036296618,0,0.0
201.80724281562667,0,0.0
196.61306665151272,0,0.0
192.81273245339437,0,0.0
193.24194966265077,0,0.0
193.25317049657525,0,0.0
193.7629636337723,0,0.0
192.77080201601862,0,0.0
191.2942143437612,0,0.0
191.33452037135157,0,0.0
192.07830200583297,0,0.0
192.55952104856632,0,0.0
192.76797309673373,0,0.0
189.53180090268575,0,0.0
187.86256403675708,0,0.0
187.80108437033107,0,0.0
188.15915423717078,0,0.0
187.38638177702558,0,0.0
183.24067398930765,0,0.0
185.5634687856963,0,0.0
185.18942392457117,0,0.0
183.78992985463313,0,0.0
183.69016056766165,0,0.0
179.51631010144496,0,0.0
174.6536994167923,0,0.0
175.2182871239355,0,0.0
177.31031708364532,0,0.0
176.55409489987287,0,0.0
,0,0.0
,0,0.0
,0,0.0
,0,0.0
,0,0.0
,0,0.0
,0,0.0
,0,0.0
,0,0.0
,0,0.0
,0,0.0
,0,0.0
,0,0.0
,0,0.0
,0,0.0
,0,0.0
,0,0.0
,0,0.0
,0,0.0
,0,0.0
,0,0.0
,0,0.0
,0,0.0
,0,0.0
,0,0.0
,0,0.0
,0,0.0
,0,0.0
,0,0.0
,0,0.0
,0,0.0
,0,0.0
,0,0.0
,0,0.0
,0,0.0
,0,0.0
,0,0.0
,0,0.0
,0,0.0
,0,0.0
,0,0.0
,0,0.0
,0,0.0
,0,0.0
,0,0.0
,0,0.0
,0,0.0
,0,0.0
,0,0.0
,0,0.0
,0,0.0
,0,0.0
,0,0.0
,0,0.0
,0,0.0
,0,0.0
,0,0.0
,0,0.0
,0,0.0
,0,0.0
,0,0.0
,0,0.0
,0,0.0
,0,0.0
,0,0.0
,0,0.0
,0,0.0
,0,0.0
,0,0.0
,0,0.0
,0,0.0
,0,0.0
,0,0.0
,0,0.0
,0,0.0
,0,0.0
,0,0.0
,0,0.0
,0,0.0
,0,0.0
,0,0.0
,0,0.0
,0,0.0
,0,0.0
,0,0.0
,0,0.0
,0,0.0
,0,0.0
,0,0.0
,0,0.0
,0,0.0
,0,0.0
,0,0.0
,0,0.0
,0,0.0
,0,0.0
,0,0.0
,0,0.0
,0,0.0
,0,0.0
,0,0.0
,0,0.0
,0,0.0
,0,0.0
,0,0.0
,0,0.0
,0,0.0
,0,0.0
,0,0.0
,0,0.0
,0,0.0
,0,0.0
,0,0.0
,0,0.0
,0,0.0
,0,0.0
,0,0.0
,0,0.0
,0,0.0
,0,0.0
,0,0.0
,0,0.0
,0,0.0
,0,0.0
,0,0.0
,0,0.0
,0,0.0
,0,0.0
,0,0.0
,0,0.0
,0,0.0
,0,0.0
,0,0.0
,0,0.0
,0,0.0
,0,0.0
,0,0.0
,0,0.0
,0,0.0
,0,0.0
,0,0.0
,0,0.0
,0,0.0
,0,0.0
,0,0.0
,0,0.0
,0,0.0
,0,0.0
,0,0.0
,0,0.0
,0,0.0
,0,0.0
,0,0.0
,0,0.0
,0,0.0
,0,0.0
,0,0.0
,0,0.0
,0,0.0
,0,0.0
,0,0.0
,0,0.0
,0,0.0
,0,0.0
,0,0.0
,0,0.0
,0,0.0
,0,0.0
,0,0.0
,0,0.0
,0,0.0
,0,0.0
,0,0.0
,0,0.0
,0,0.0
,0,0.0
,0,0.0
,0,0.0
,0,0.0
,0,0.0
,0,0.0
,0,0.0
,0,0.0
,0,0.0
,0,0.0
,0,0.0
,0,0.0
,0,0.0
,0,0.0
,0,0.0
,0,0.0
,0,0.0
,0,0.0
,0,0.0
,0,0.0
,0,0.0
,0,0.0
,0,0.0
,0,0.0
,0,0.0
,0,0.0
,0,0.0
,0,0.0
,0,0.0
,0,0.0
,0,0.0
,0,0.0
,0,0.0
,0,0.0
,0,0.0
,0,0.0
,0,0.0
,0,0.0
,0,0.0
,0,0.0
,0,0.0
,0,0.0
,0,0.0
,0,0.0
,0,0.0
,0,0.0
,0,0.0
,0,0.0
,0,0.0
,0,0.0
,0,0.0
,0,0.0
,0,0.0
,0,0.0
,0,0.0
,0,0.0
,0,0.0
,0,0.0
,0,0.0
,0,0.0
,0,0.0
,0,0.0
,0,0.0
,0,0.0
,0,0.0
,0,0.0
,0,0.0
,0,0.0
,0,0.0
,0,0.0
,0,0.0
,0,0.0
,0,0.0
,0,0.0
,0,0.0
,0,0.0
,0,0.0
,0,0.0
,0,0.0
,0,0.0
,0,0.0
,0,0.0
,0,0.0
,0,0.0
,0,0.0
,0,0.0
,0,0.0
,0,0.0
,0,0.0
,0,0.0
,0,0.0
,0,0.0
,0,0.0
,0,0.0
,0,0.0
,0,0.0
,0,0.0
,0,0.0
,0,0.0
,0,0.0
,0,0.0
,0,0.0
,0,0.0
,0,0.0
,0,0.0
,0,0.0
,0,0.0
,0,0.0
,0,0.0
,0,0.0
,0,0.0
,0,0.0
,0,0.0
,0,0.0
,0,0.0
,0,0.0
,0,0.0
,0,0.0
,0,0.0
,0,0.0
,0,0.0
,0,0.0
,0,0.0
,0,0.0
,0,0.0
,0,0.0
,0,0.0
,0,0.0
,0,0.0
,0,0.0
,0,0.0
,0,0.0
,0,0.0
,0,0.0
,0,0.0
,0,0.0
,0,0.0
,0,0.0
,0,0.0
,0,0.0
,0,0.0
,0,0.0
,0,0.0
,0,0.0
,0,0.0
,0,0.0
,0,0.0
,0,0.0
,0,0.0
,0,0.0
,0,0.0
,0,0.0
,0,0.0
,0,0.0
,0,0.0
,0,0.0
,0,0.0
,0,0.0
,0,0.0
,0,0.0
,0,0.0
,0,0.0
,0,0.0
,0,0.0
,0,0.0
,0,0.0
,0,0.0
,0,0.0
,0,0.0
,0,0.0
,0,0.0
,0,0.0
,0,0.0
,0,0.0
,0,0.0
,0,0.0
,0,0.0
,0,0.0
,0,0.0
,0,0.0
,0,0.0
,0,0.0
,0,0.0
,0,0.0
,0,0.0
,0,0.0
,0,0.0
,0,0.0
,0,0.0
,0,0.0
,0,0.0
,0,0.0
,0,0.0
,0,0.0
,0,0.0
,0,0.0
,0,0.0
,0,0.0
,0,0.0
,0,0.0
,0,0.0
,0,0.0
,0,0.0
,0,0.0
,0,0.0
,0,0.0
,0,0.0
,0,0.0
,0,0.0
,0,0.0
,0,0.0
,0,0.0
,0,0.0
,0,0.0
,0,0.0
,0,0.0
,0,0.0
,0,0.0
,0,0.0
,0,0.0
,0,0.0
,0,0.0
,0,0.0
,0,0.0
,0,0.0
,0,0.0
,0,0.0
,0,0.0
,0,0.0
,0,0.0
,0,0.0
,0,0.0
,0,0.0
,0,0.0
,0,0.0
,0,0.0
,0,0.0
,0,0.0
,0,0.0
,0,0.0
,0,0.0
,0,0.0
,0,0.0
,0,0.0
,0,0.0
,0,0.0
,0,0.0
,0,0.0
,0,0.0
,0,0.0
,0,0.0
,0,0.0
,0,0.0
,0,0.0
,0,0.0
,0,0.0
,0,0.0
,0,0.0
,0,0.0
,0,0.0
,0,0.0
,0,0.0
,0,0.0
,0,0.0
,0,0.0
,0,0.0
,0,0.0
,0,0.0
,0,0.0
,0,0.0
,0,0.0
,0,0.0
,0,0.0
,0,0.0
,0,0.0
,0,0.0
,0,0.0
,0,0.0
,0,0.0
,0,0.0
,0,0.0
,0,0.0
,0,0.0
,0,0.0
,0,0.0
,0,0.0
,0,0.0
,0,0.0
,0,0.0
,0,0.0
,0,0.0
,0,0.0
,0,0.0
,0,0.0
,0,0.0
,0,0.0
,0,0.0
,0,0.0
,0,0.0
,0,0.0
,0,0.0
,0,0.0
,0,0.0
,0,0.0
,0,0.0
,0,0.0
,0,0.0
,0,0.0
,0,0.0
,0,0.0
,0,0.0
,0,0.0
,0,0.0
,0,0.0
,0,0.0
,0,0.0
,0,0.0
,0,0.0
,0,0.0
,0,0.0
,0,0.0
,0,0.0
,0,0.0
,0,0.0
,0,0.0
,0,0.0
,0,0.0
,0,0.0
,0,0.0
,0,0.0
,0,0.0
,0,0.0
,0,0.0
,0,0.0
,0,0.0
,0,0.0
,0,0.0
,0,0.0
,0,0.0
,0,0.0
,0,0.0
,0,0.0
,0,0.0
,0,0.0
,0,0.0
,0,0.0
,0,0.0
,0,0.0
,0,0.0
,0,0.0
,0,0.0
,0,0.0
,0,0.0
,0,0.0
,0,0.0
,0,0.0
,0,0.0
,0,0.0
,0,0.0
,0,0.0
,0,0.0
,0,0.0
,0,0.0
,0,0.0
,0,0.0
,0,0.0
,0,0.0
,0,0.0
,0,0.0
,0,0.0
,0,0.0
,0,0.0
,0,0.0
,0,0.0
,0,0.0
,0,0.0
,0,0.0
,0,0.0
,0,0.0
,0,0.0
,0,0.0
,0,0.0
,0,0.0
,0,0.0
,0,0.0
,0,0.0
,0,0.0
,0,0.0
,0,0.0
,0,0.0
,0,0.0
,0,0.0
,0,0.0
,0,0.0
,0,0.0
,0,0.0
,0,0.0
,0,0.0
,0,0.0
,0,0.0
,0,0.0
,0,0.0
,0,0.0
,0,0.0
,0,0.0
,0,0.0
,0,0.0
,0,0.0
,0,0.0
,0,0.0
,0,0.0
,0,0.0
,0,0.0
,0,0.0
,0,0.0
,0,0.0
,0,0.0
,0,0.0
,0,0.0
,0,0.0
,0,0.0
,0,0.0
,0,0.0
,0,0.0
,0,0.0
,0,0.0
,0,0.0
,0,0.0
,0,0.0
,0,0.0
,0,0.0
,0,0.0
,0,0.0
,0,0.0
,0,0.0
,0,0.0
,0,0.0
,0,0.0
,0,0.0
,0,0.0
,0,0.0
,0,0.0
,0,0.0
,0,0.0
,0,0.0
,0,0.0
,0,0.0
,0,0.0
,0,0.0
,0,0.0
,0,0.0
,0,0.0
,0,0.0
,0,0.0
,0,0.0
,0,0.0
,0,0.0
,0,0.0
,0,0.0
,0,0.0
,0,0.0
,0,0.0
,0,0.0
,0,0.0
,0,0.0
,0,0.0
,0,0.0
,0,0.0
,0,0.0
,0,0.0
,0,0.0
,0,0.0
,0,0.0
,0,0.0
,0,0.0
,0,0.0
,0,0.0
,0,0.0
,0,0.0
,0,0.0
,0,0.0
,0,0.0
,0,0.0
,0,0.0
,0,0.0
,0,0.0
,0,0.0
,0,0.0
,0,0.0
,0,0.0
,0,0.0
,0,0.0
,0,0.0
,0,0.0
,0,0.0
,0,0.0
,0,0.0
,0,0.0
,0,0.0
,0,0.0
,0,0.0
,0,0.0
,0,0.0
,0,0.0
,0,0.0
,0,0.0
,0,0.0
,0,0.0
,0,0.0
,0,0.0
,0,0.0
,0,0.0
,0,0.0
,0,0.0
,0,0.0
,0,0.0
,0,0.0
,0,0.0
,0,0.0
,0,0.0
,0,0.0
,0,0.0
,0,0.0
,0,0.0
,0,0.0
,0,0.0
,0,0.0
,0,0.0
,0,0.0
,0,0.0
,0,0.0
,0,0.0
,0,0.0
,0,0.0
,0,0.0
,0,0.0
,0,0.0
,0,0.0
,0,0.0
,0,0.0
,0,0.0
,0,0.0
,0,0.0
,0,0.0
,0,0.0
,0,0.0
,0,0.0
,0,0.0
,0,0.0
,0,0.0
,0,0.0
,0,0.0
,0,0.0
,0,0.0
,0,0.0
,0,0.0
,0,0.0
,0,0.0
,0,0.0
,0,0.0
,0,0.0
,0,0.0
,0,0.0
,0,0.0
,0,0.0
,0,0.0
,0,0.0
,0,0.0
,0,0.0
,0,0.0
,0,0.0
,0,0.0
,0,0.0
,0,0.0
,0,0.0
,0,0.0
,0,0.0
,0,0.0
,0,0.0
,0,0.0
,0,0.0
,0,0.0
,0,0.0
,0,0.0
,0,0.0
,0,0.0
,0,0.0
,0,0.0
,0,0.0
,0,0.0
,0,0.0
,0,0.0
,0,0.0
,0,0.0
,0,0.0
,0,0.0
,0,0.0
,0,0.0
,0,0.0
,0,0.0
,0,0.0
,0,0.0
,0,0.0
,0,0.0
,0,0.0
,0,0.0
,0,0.0
,0,0.0
,0,0.0
,0,0.0
,0,0.0
,0,0.0
,0,0.0
,0,0.0
,0,0.0
,0,0.0
,0,0.0
,0,0.0
,0,0.0
,0,0.0
,0,0.0
,0,0.0
,0,0.0
,0,0.0
,0,0.0
,0,0.0
,0,0.0
,0,0.0
,0,0.0
,0,0.0
,0,0.0
,0,0.0
,0,0.0
,0,0.0
,0,0.0
,0,0.0
,0,0.0
,0,0.0
,0,0.0
,0,0.0
,0,0.0
,0,0.0
,0,0.0
,0,0.0
,0,0.0
,0,0.0
,0,0.0
,0,0.0
,0,0.0
,0,0.0
,0,0.0
,0,0.0
,0,0.0
,0,0.0
,0,0.0
,0,0.0
,0,0.0
,0,0.0
,0,0.0
,0,0.0
,0,0.0
,0,0.0
,0,0.0
,0,0.0
,0,0.0
,0,0.0
,0,0.0
,0,0.0
,0,0.0
,0,0.0
,0,0.0
,0,0.0
,0,0.0
,0,0.0
,0,0.0
,0,0.0
,0,0.0
,0,0.0
,0,0.0
,0,0.0
,0,0.0
,0,0.0
,0,0.0
,0,0.0
,0,0.0
,0,0.0
,0,0.0
,0,0.0
,0,0.0
,0,0.0
,0,0.0
,0,0.0
,0,0.0
,0,0.0
,0,0.0
,0,0.0
,0,0.0
,0,0.0
,0,0.0
,0,0.0
,0,0.0
,0,0.0
,0,0.0
,0,0.0
,0,0.0
,0,0.0
,0,0.0
,0,0.0
176.2582505674963,0,0.0
173.71767862694455,1,0.0
279.6651735843047,1,0.0
319.2927274518431,1,0.0
310.286245509207,1,0.0
320.00884957732734,1,0.0
318.73388844214355,0,0.0
,0,0.0
,0,0.0
,0,0.0
,0,0.0
,0,0.0
,0,0.0
,0,0.0
,0,0.0
,0,0.0
,0,0.0
,0,0.0
,0,0.0
,0,0.0
,0,0.0
327.9031608012459,0,0.0
334.63854925433856,1,0.0
336.5123015214328,1,0.0
332.5065116579779,0,0.0
,0,0.0
,0,0.0
,0,0.0
,0,0.0
,0,0.0
,0,0.0
,0,0.0
,0,0.0
,0,0.0
,0,0.0
,0,0.0
,0,0.0
,0,0.0
,0,0.0
,0,0.0
,0,0.0
,0,0.0
,0,0.0
,0,0.0
,0,0.0
,0,0.0
,0,0.0
,0,0.0
,0,0.0
,0,0.0
,0,0.0
,0,0.0
,0,0.0
,0,0.0
,0,0.0
,0,0.0
,0,0.0
,0,0.0
,0,0.0
,0,0.0
,0,0.0
,0,0.0
,0,0.0
,0,0.0
,0,0.0
,0,0.0
,0,0.0
,0,0.0
,0,0.0
,0,0.0
,0,0.0
,0,0.0
,0,0.0
,0,0.0
,0,0.0
,0,0.0
,0,0.0
,0,0.0
,0,0.0
,0,0.0
,0,0.0
,0,0.0
,0,0.0
,0,0.0
,0,0.0
,0,0.0
,0,0.0
,0,0.0
,0,0.0
,0,0.0
,0,0.0
,0,0.0
,0,0.0
,0,0.0
,0,0.0
,0,0.0
,0,0.0
,0,0.0
,0,0.0
,0,0.0
,0,0.0
,0,0.0
,0,0.0
,0,0.0
,0,0.0
,0,0.0
,0,0.0
,0,0.0
,0,0.0
,0,0.0
,0,0.0
,0,0.0
,0,0.0
,0,0.0
,0,0.0
,0,0.0
,0,0.0
,0,0.0
,0,0.0
,0,0.0
,0,0.0
,0,0.0
,0,0.0
,0,0.0
,0,0.0
,0,0.0
,0,0.0
,0,0.0
,0,0.0
,0,0.0
,0,0.0
,0,0.0
,0,0.0
,0,0.0
,0,0.0
,0,0.0
,0,0.0
,0,0.0
,0,0.0
,0,0.0
,0,0.0
,0,0.0
,0,0.0
,0,0.0
,0,0.0
,0,0.0
,0,0.0
,0,0.0
,0,0.0
,0,0.0
,0,0.0
,0,0.0
,0,0.0
,0,0.0
,0,0.0
,0,0.0
,0,0.0
,0,0.0
,0,0.0
,0,0.0
,0,0.0
,0,0.0
,0,0.0
,0,0.0
,0,0.0
,0,0.0
,0,0.0
,0,0.0
,0,0.0
,0,0.0
,0,0.0
,0,0.0
,0,0.0
,0,0.0
,0,0.0
,0,0.0
,0,0.0
,0,0.0
,0,0.0
,0,0.0
,0,0.0
,0,0.0
,0,0.0
,0,0.0
,0,0.0
,0,0.0
,0,0.0
,0,0.0
,0,0.0
,0,0.0
,0,0.0
,0,0.0
,0,0.0
,0,0.0
,0,0.0
,0,0.0
,0,0.0
,0,0.0
,0,0.0
,0,0.0
,0,0.0
,0,0.0
,0,0.0
,0,0.0
,0,0.0
,0,0.0
,0,0.0
,0,0.0
,0,0.0
,0,0.0
,0,0.0
,0,0.0
,0,0.0
,0,0.0
,0,0.0
,0,0.0
,0,0.0
,0,0.0
,0,0.0
,0,0.0
,0,0.0
,0,0.0
,0,0.0
,0,0.0
,0,0.0
,0,0.0
,0,0.0
,0,0.0
,0,0.0
,0,0.0
,0,0.0
,0,0.0
,0,0.0
,0,0.0
,0,0.0
,0,0.0
,0,0.0
,0,0.0
,0,0.0
,0,0.0
,0,0.0
,0,0.0
,0,0.0
,0,0.0
,0,0.0
,0,0.0
,0,0.0
,0,0.0
,0,0.0
,0,0.0
,0,0.0
,0,0.0
,0,0.0
,0,0.0
,0,0.0
,0,0.0
,0,0.0
,0,0.0
,0,0.0
,0,0.0
,0,0.0
,0,0.0
,0,0.0
,0,0.0
,0,0.0
,0,0.0
,0,0.0
,0,0.0
,0,0.0
,0,0.0
,0,0.0
,0,0.0
,0,0.0
,0,0.0
,0,0.0
,0,0.0
,0,0.0
,0,0.0
,0,0.0
,0,0.0
,0,0.0
,0,0.0
,0,0.0
,0,0.0
,0,0.0
,0,0.0
,0,0.0
,0,0.0
,0,0.0
,0,0.0
,0,0.0
,0,0.0
,0,0.0
,0,0.0
,0,0.0
,0,0.0
,0,0.0
,0,0.0
,0,0.0
,0,0.0
,0,0.0
,0,0.0
,0,0.0
,0,0.0
,0,0.0
,0,0.0
,0,0.0
,0,0.0
,0,0.0
,0,0.0
,0,0.0
,0,0.0
,0,0.0
,0,0.0
,0,0.0
,0,0.0
,0,0.0
,0,0.0
,0,0.0
,0,0.0
,0,0.0
,0,0.0
,0,0.0
,0,0.0
,0,0.0
,0,0.0
,0,0.0
,0,0.0
,0,0.0
,0,0.0
,0,0.0
,0,0.0
,0,0.0
,0,0.0
,0,0.0
,0,0.0
,0,0.0
,0,0.0
,0,0.0
,0,0.0
,0,0.0
,0,0.0
,0,0.0
,0,0.0
,0,0.0
,0,0.0
,0,0.0
,0,0.0
,0,0.0
,0,0.0
,0,0.0
,0,0.0
,0,0.0
,0,0.0
,0,0.0
,0,0.0
,0,0.0
,0,0.0
,0,0.0
,0,0.0
,0,0.0
,0,0.0
,0,0.0
,0,0.0
,0,0.0
,0,0.0
,0,0.0
,0,0.0
,0,0.0
,0,0.0
,0,0.0
,0,0.0
,0,0.0
,0,0.0
,0,0.0
,0,0.0
,0,0.0
,0,0.0
,0,0.0
,0,0.0
,0,0.0
,0,0.0
,0,0.0
,0,0.0
,0,0.0
,0,0.0
,0,0.0
,0,0.0
,0,0.0
,0,0.0
,0,0.0
,0,0.0
,0,0.0
,0,0.0
,0,0.0
,0,0.0
,0,0.0
,0,0.0
,0,0.0
,0,0.0
,0,0.0
,0,0.0
,0,0.0
,0,0.0
,0,0.0
,0,0.0
,0,0.0
,0,0.0
,0,0.0
,0,0.0
,0,0.0
,0,0.0
,0,0.0
,0,0.0
,0,0.0
,0,0.0
,0,0.0
,0,0.0
,0,0.0
,0,0.0
,0,0.0
,0,0.0
,0,0.0
,0,0.0
,0,0.0
,0,0.0
,0,0.0
,0,0.0
,0,0.0
,0,0.0
,0,0.0
,0,0.0
,0,0.0
,0,0.0
,0,0.0
,0,0.0
,0,0.0
,0,0.0
,0,0.0
,0,0.0
,0,0.0
,0,0.0
,0,0.0
,0,0.0
,0,0.0
,0,0.0
,0,0.0
,0,0.0
,0,0.0
,0,0.0
,0,0.0
,0,0.0
,0,0.0
,0,0.0
,0,0.0
,0,0.0
,0,0.0
,0,0.0
,0,0.0
,0,0.0
,0,0.0
,0,0.0
,0,0.0
,0,0.0
,0,0.0
,0,0.0
,0,0.0
,0,0.0
,0,0.0
,0,0.0
,0,0.0
,0,0.0
,0,0.0
,0,0.0
,0,0.0
,0,0.0
,0,0.0
,0,0.0
,0,0.0
,0,0.0
,0,0.0
,0,0.0
,0,0.0
,0,0.0
,0,0.0
,0,0.0
,0,0.0
,0,0.0
,0,0.0
,0,0.0
,0,0.0
,0,0.0
,0,0.0
,0,0.0
,0,0.0
,0,0.0
,0,0.0
,0,0.0
,0,0.0
,0,0.0
,0,0.0
,0,0.0
,0,0.0
,0,0.0
,0,0.0
,0,0.0
,0,0.0
,0,0.0
,0,0.0
,0,0.0
,0,0.0
,0,0.0
,0,0.0
,0,0.0
,0,0.0
,0,0.0
,0,0.0
,0,0.0
,0,0.0
,0,0.0
,0,0.0
,0,0.0
,0,0.0
,0,0.0
,0,0.0
,0,0.0
,0,0.0
,0,0.0
,0,0.0
,0,0.0
,0,0.0
,0,0.0
,0,0.0
,0,0.0
,0,0.0
,0,0.0
,0,0.0
,0,0.0
,0,0.0
,0,0.0
,0,0.0
,0,0.0
,0,0.0
,0,0.0
,0,0.0
,0,0.0
,0,0.0
,0,0.0
,0,0.0
,0,0.0
,0,0.0
,0,0.0
,0,0.0
,0,0.0
,0,0.0
,0,0.0
,0,0.0
,0,0.0
,0,0.0
,0,0.0
,0,0.0
,0,0.0
,0,0.0
,0,0.0
,0,0.0
,0,0.0
,0,0.0
,0,0.0
,0,0.0
,0,0.0
,0,0.0
,0,0.0
,0,0.0
,0,0.0
,0,0.0
,0,0.0
,0,0.0
,0,0.0
,0,0.0
,0,0.0
,0,0.0
,0,0.0
,0,0.0
,0,0.0
,0,0.0
,0,0.0
,0,0.0
,0,0.0
,0,0.0
,0,0.0
,0,0.0
,0,0.0
,0,0.0
,0,0.0
,0,0.0
,0,0.0
,0,0.0
,0,0.0
,0,0.0
,0,0.0
,0,0.0
,0,0.0
,0,0.0
,0,0.0
,0,0.0
,0,0.0
,0,0.0
,0,0.0
,0,0.0
,0,0.0
,0,0.0
,0,0.0
,0,0.0
,0,0.0
,0,0.0
,0,0.0
,0,0.0
,0,0.0
,0,0.0
,0,0.0
,0,0.0
,0,0.0
,0,0.0
,0,0.0
,0,0.0
,0,0.0
,0,0.0
,0,0.0
,0,0.0
,0,0.0
,0,0.0
,0,0.0
,0,0.0
,0,0.0
,0,0.0
,0,0.0
,0,0.0
,0,0.0
,0,0.0
,0,0.0
,0,0.0
,0,0.0
,0,0.0
,0,0.0
,0,0.0
,0,0.0
,0,0.0
,0,0.0
,0,0.0
,0,0.0
,0,0.0
,0,0.0
,0,0.0
,0,0.0
,0,0.0
,0,0.0
,0,0.0
,0,0.0
,0,0.0
,0,0.0
,0,0.0
,0,0.0
,0,0.0
,0,0.0
,0,0.0
,0,0.0
,0,0.0
,0,0.0
,0,0.0
,0,0.0
,0,0.0
,0,0.0
,0,0.0
,0,0.0
,0,0.0
,0,0.0
,0,0.0
,0,0.0
,0,0.0
,0,0.0
,0,0.0
,0,0.0
,0,0.0
,0,0.0
,0,0.0
,0,0.0
,0,0.0
,0,0.0
,0,0.0
,0,0.0
,0,0.0
,0,0.0
,0,0.0
,0,0.0
,0,0.0
,0,0.0
,0,0.0
,0,0.0
,0,0.0
,0,0.0
,0,0.0
,0,0.0
,0,0.0
,0,0.0
,0,0.0
,0,0.0
,0,0.0
,0,0.0
,0,0.0
,0,0.0
,0,0.0
,0,0.0
,0,0.0
,0,0.0
,0,0.0
,0,0.0
,0,0.0
,0,0.0
,0,0.0
,0,0.0
,0,0.0
,0,0.0
,0,0.0
,0,0.0
,0,0.0
,0,0.0
,0,0.0
,0,0.0
,0,0.0
,0,0.0
,0,0.0
,0,0.0
,0,0.0
,0,0.0
,0,0.0
,0,0.0
,0,0.0
,0,0.0
,0,0.0
,0,0.0
,0,0.0
,0,0.0
,0,0.0
,0,0.0
,0,0.0
,0,0.0
,0,0.0
,0,0.0
,0,0.0
,0,0.0
,0,0.0
,0,0.0
,0,0.0
,0,0.0
,0,0.0
,0,0.0
,0,0.0
,0,0.0
,0,0.0
,0,0.0
,0,0.0
,0,0.0
,0,0.0
,0,0.0
,0,0.0
,0,0.0
,0,0.0
,0,0.0
,0,0.0
,0,0.0
,0,0.0
,0,0.0
,0,0.0
,0,0.0
,0,0.0
,0,0.0
,0,0.0
,0,0.0
,0,0.0
,0,0.0
,0,0.0
,0,0.0
,0,0.0
,0,0.0
,0,0.0
,0,0.0
,0,0.0
,0,0.0
,0,0.0
,0,0.0
,0,0.0
,0,0.0
,0,0.0
,0,0.0
,0,0.0
,0,0.0
,0,0.0
,0,0.0
,0,0.0
,0,0.0
,0,0.0
,0,0.0
,0,0.0
,0,0.0
,0,0.0
,0,0.0
,0,0.0
,0,0.0
,0,0.0
,0,0.0
,0,0.0
,0,0.0
,0,0.0
,0,0.0
,0,0.0
,0,0.0
,0,0.0
,0,0.0
,0,0.0
,0,0.0
,0,0.0
,0,0.0
,0,0.0
,0,0.0
,0,0.0
,0,0.0
,0,0.0
,0,0.0
,0,0.0
,0,0.0
,0,0.0
,0,0.0
,0,0.0
,0,0.0
,0,0.0
,0,0.0
,0,0.0
,0,0.0
,0,0.0
,0,0.0
,0,0.0
,0,0.0
,0,0.0
,0,0.0
,0,0.0
,0,0.0
,0,0.0
,0,0.0
,0,0.0
,0,0.0
,0,0.0
,0,0.0
,0,0.0
,0,0.0
,0,0.0
,0,0.0
,0,0.0
,0,0.0
,0,0.0
,0,0.0
,0,0.0
,0,0.0
,0,0.0
,0,0.0
,0,0.0
,0,0.0
,0,0.0
,0,0.0
,0,0.0
,0,0.0
,0,0.0
,0,0.0
,0,0.0
,0,0.0
,0,0.0
,0,0.0
,0,0.0
,0,0.0
,0,0.0
,0,0.0
,0,0.0
,0,0.0
,0,0.0
,0,0.0
,0,0.0
,0,0.0
,0,0.0
,0,0.0
,0,0.0
,0,0.0
,0,0.0
,0,0.0
,0,0.0
,0,0.0
,0,0.0
,0,0.0
,0,0.0
,0,0.0
,0,0.0
,0,0.0
,0,0.0
,0,0.0
,0,0.0
,0,0.0
,0,0.0
,0,0.0
,0,0.0
,0,0.0
,0,0.0
,0,0.0
,0,0.0
,0,0.0
,0,0.0
,0,0.0
,0,0.0
,0,0.0
,0,0.0
,0,0.0
,0,0.0
,0,0.0
,0,0.0
,0,0.0
,0,0.0
,0,0.0
,0,0.0
,0,0.0
,0,0.0
,0,0.0
,0,0.0
,0,0.0
,0,0.0
,0,0.0
,0,0.0
,0,0.0
,0,0.0
,0,0.0
,0,0.0
,0,0.0
,0,0.0
,0,0.0
,0,0.0
,0,0.0
,0,0.0
,0,0.0
,0,0.0
,0,0.0
,0,0.0
,0,0.0
,0,0.0
,0,0.0
,0,0.0
,0,0.0
,0,0.0
,0,0.0
,0,0.0
,0,0.0
,0,0.0
,0,0.0
,0,0.0
,0,0.0
,0,0.0
,0,0.0
,0,0.0
,0,0.0
,0,0.0
,0,0.0
,0,0.0
,0,0.0
,0,0.0
,0,0.0
,0,0.0
,0,0.0
,0,0.0
,0,0.0
,0,0.0
,0,0.0
,0,0.0
,0,0.0
,0,0.0
,0,0.0
,0,0.0
,0,0.0
,0,0.0
,0,0.0
,0,0.0
,0,0.0
,0,0.0
,0,0.0
,0,0.0
,0,0.0
,0,0.0
,0,0.0
,0,0.0
,0,0.0
,0,0.0
,0,0.0
,0,0.0
,0,0.0
,0,0.0
,0,0.0
,0,0.0
,0,0.0
,0,0.0
,0,0.0
,0,0.0
,0,0.0
,0,0.0
,0,0.0
,0,0.0
,0,0.0
,0,0.0
,0,0.0
,0,0.0
,0,0.0
,0,0.0
,0,0.0
,0,0.0
,0,0.0
,0,0.0
,0,0.0
,0,0.0
,0,0.0
,0,0.0
,0,0.0
,0,0.0
,0,0.0
,0,0.0
,0,0.0
,0,0.0
,0,0.0
,0,0.0
,0,0.0
,0,0.0
,0,0.0
,0,0.0
,0,0.0
,0,0.0
,0,0.0
,0,0.0
,0,0.0
,0,0.0
,0,0.0
,0,0.0
,0,0.0
,0,0.0
,0,0.0
,0,0.0
,0,0.0
,0,0.0
,0,0.0
,0,0.0
,0,0.0
,0,0.0
,0,0.0
,0,0.0
,0,0.0
,0,0.0
,0,0.0
,0,0.0
,0,0.0
,0,0.0
,0,0.0
,0,0.0
,0,0.0
,0,0.0
,0,0.0
,0,0.0
,0,0.0
,0,0.0
,0,0.0
,0,0.0
,0,0.0
,0,0.0
,0,0.0
,0,0.0
,0,0.0
,0,0.0
,0,0.0
,0,0.0
,0,0.0
,0,0.0
,0,0.0
,0,0.0
,0,0.0
,0,0.0
,0,0.0
,0,0.0
,0,0.0
,0,0.0
,0,0.0
,0,0.0
,0,0.0
,0,0.0
,0,0.0
,0,0.0
,0,0.0
,0,0.0
,0,0.0
,0,0.0
,0,0.0
,0,0.0
,0,0.0
,0,0.0
,0,0.0
,0,0.0
,0,0.0
,0,0.0
,0,0.0
,0,0.0
,0,0.0
,0,0.0
,0,0.0
,0,0.0
,0,0.0
,0,0.0
,0,0.0
,0,0.0
,0,0.0
,0,0.0
,0,0.0
,0,0.0
,0,0.0
,0,0.0
,0,0.0
,0,0.0
,0,0.0
,0,0.0
,0,0.0
,0,0.0
,0,0.0
,0,0.0
,0,0.0
,0,0.0
,0,0.0
,0,0.0
,0,0.0
,0,0.0
,0,0.0
,0,0.0
,0,0.0
,0,0.0
,0,0.0
,0,0.0
,0,0.0
,0,0.0
,0,0.0
,0,0.0
,0,0.0
,0,0.0
,0,0.0
,0,0.0
,0,0.0
,0,0.0
,0,0.0
,0,0.0
,0,0.0
,0,0.0
,0,0.0
,0,0.0
,0,0.0
,0,0.0
,0,0.0
,0,0.0
,0,0.0
,0,0.0
,0,0.0
,0,0.0
,0,0.0
,0,0.0
,0,0.0
,0,0.0
,0,0.0
,0,0.0
,0,0.0
,0,0.0
,0,0.0
,0,0.0
,0,0.0
,0,0.0
,0,0.0
,0,0.0
,0,0.0
,0,0.0
,0,0.0
,0,0.0
,0,0.0
,0,0.0
,0,0.0
,0,0.0
,0,0.0
,0,0.0
,0,0.0
,0,0.0
,0,0.0
,0,0.0
,0,0.0
,0,0.0
,0,0.0
,0,0.0
,0,0.0
,0,0.0
,0,0.0
,0,0.0
,0,0.0
,0,0.0
,0,0.0
,0,0.0
,0,0.0
,0,0.0
,0,0.0
,0,0.0
,0,0.0
,0,0.0
,0,0.0
,0,0.0
,0,0.0
,0,0.0
,0,0.0
,0,0.0
,0,0.0
,0,0.0
,0,0.0
,0,0.0
,0,0.0
,0,0.0
,0,0.0
,0,0.0
,0,0.0
,0,0.0
,0,0.0
,0,0.0
,0,0.0
,0,0.0
,0,0.0
,0,0.0
,0,0.0
,0,0.0
,0,0.0
,0,0.0
,0,0.0
,0,0.0
,0,0.0
,0,0.0
,0,0.0
,0,0.0
,0,0.0
,0,0.0
,0,0.0
,0,0.0
,0,0.0
,0,0.0
,0,0.0
,0,0.0
,0,0.0
,0,0.0
,0,0.0
,0,0.0
,0,0.0
,0,0.0
,0,0.0
,0,0.0
,0,0.0
,0,0.0
,0,0.0
,0,0.0
,0,0.0
,0,0.0
,0,0.0
,0,0.0
,0,0.0
,0,0.0
,0,0.0
,0,0.0
,0,0.0
,0,0.0
,0,0.0
,0,0.0
,0,0.0
,0,0.0
,0,0.0
,0,0.0
,0,0.0
,0,0.0
,0,0.0
,0,0.0
,0,0.0
,0,0.0
,0,0.0
,0,0.0
,0,0.0
,0,0.0
,0,0.0
,0,0.0
,0,0.0
,0,0.0
,0,0.0
,0,0.0
,0,0.0
,0,0.0
,0,0.0
,0,0.0
,0,0.0
,0,0.0
,0,0.0
,0,0.0
,0,0.0
,0,0.0
,0,0.0
,0,0.0
,0,0.0
,0,0.0
,0,0.0
,0,0.0
,0,0.0
,0,0.0
,0,0.0
,0,0.0
,0,0.0
,0,0.0
,0,0.0
,0,0.0
,0,0.0
,0,0.0
,0,0.0
,0,0.0
,0,0.0
,0,0.0
,0,0.0
,0,0.0
,0,0.0
,0,0.0
,0,0.0
,0,0.0
,0,0.0
,0,0.0
,0,0.0
,0,0.0
,0,0.0
,0,0.0
,0,0.0
,0,0.0
,0,0.0
,0,0.0
,0,0.0
,0,0.0
,0,0.0
,0,0.0
,0,0.0
,0,0.0
,0,0.0
,0,0.0
,0,0.0
,0,0.0
,0,0.0
,0,0.0
,0,0.0
,0,0.0
,0,0.0
,0,0.0
,0,0.0
,0,0.0
,0,0.0
,0,0.0
,0,0.0
,0,0.0
,0,0.0
,0,0.0
,0,0.0
,0,0.0
,0,0.0
,0,0.0
,0,0.0
,0,0.0
,0,0.0
,0,0.0
,0,0.0
,0,0.0
,0,0.0
,0,0.0
,0,0.0
,0,0.0
,0,0.0
,0,0.0
,0,0.0
,0,0.0
,0,0.0
,0,0.0
,0,0.0
,0,0.0
,0,0.0
,0,0.0
,0,0.0
,0,0.0
,0,0.0
,0,0.0
,0,0.0
,0,0.0
,0,0.0
,0,0.0
,0,0.0
,0,0.0
,0,0.0
,0,0.0
,0,0.0
,0,0.0
,0,0.0
,0,0.0
,0,0.0
,0,0.0
,0,0.0
,0,0.0
,0,0.0
,0,0.0
,0,0.0
,0,0.0
,0,0.0
,0,0.0
,0,0.0
,0,0.0
,0,0.0
,0,0.0
,0,0.0
,0,0.0
,0,0.0
,0,0.0
,0,0.0
,0,0.0
,0,0.0
,0,0.0
,0,0.0
,0,0.0
,0,0.0
,0,0.0
,0,0.0
,0,0.0
,0,0.0
,0,0.0
,0,0.0
,0,0.0
,0,0.0
,0,0.0
,0,0.0
,0,0.0
,0,0.0
,0,0.0
,0,0.0
,0,0.0
,0,0.0
,0,0.0
,0,0.0
,0,0.0
,0,0.0
,0,0.0
,0,0.0
,0,0.0
,0,0.0
,0,0.0
,0,0.0
,0,0.0
,0,0.0
,0,0.0
,0,0.0
,0,0.0
,0,0.0
,0,0.0
,0,0.0
,0,0.0
,0,0.0
,0,0.0
,0,0.0
,0,0.0
,0,0.0
,0,0.0
,0,0.0
,0,0.0
,0,0.0
,0,0.0
,0,0.0
,0,0.0
,0,0.0
,0,0.0
,0,0.0
,0,0.0
,0,0.0
,0,0.0
,0,0.0
,0,0.0
,0,0.0
,0,0.0
,0,0.0
,0,0.0
,0,0.0
,0,0.0
,0,0.0
,0,0.0
,0,0.0
,0,0.0
,0,0.0
,0,0.0
,0,0.0
,0,0.0
,0,0.0
,0,0.0
,0,0.0
,0,0.0
,0,0.0
,0,0.0
,0,0.0
,0,0.0
,0,0.0
,0,0.0
,0,0.0
,0,0.0
,0,0.0
,0,0.0
,0,0.0
,0,0.0
,0,0.0
,0,0.0
,0,0.0
,0,0.0
,0,0.0
,0,0.0
,0,0.0
,0,0.0
,0,0.0
,0,0.0
,0,0.0
,0,0.0
,0,0.0
,0,0.0
,0,0.0
,0,0.0
,0,0.0
,0,0.0
,0,0.0
,0,0.0
,0,0.0
,0,0.0
,0,0.0
,0,0.0
,0,0.0
,0,0.0
,0,0.0
,0,0.0
,0,0.0
,0,0.0
,0,0.0
,0,0.0
,0,0.0
,0,0.0
,0,0.0
,0,0.0
,0,0.0
,0,0.0
,0,0.0
,0,0.0
,0,0.0
,0,0.0
,0,0.0
,0,0.0
,0,0.0
,0,0.0
,0,0.0
,0,0.0
,0,0.0
,0,0.0
,0,0.0
,0,0.0
,0,0.0
,0,0.0
,0,0.0
,0,0.0
,0,0.0
,0,0.0
,0,0.0
,0,0.0
,0,0.0
,0,0.0
,0,0.0
,0,0.0
,0,0.0
,0,0.0
,0,0.0
,0,0.0
,0,0.0
,0,0.0
,0,0.0
,0,0.0
,0,0.0
,0,0.0
,0,0.0
,0,0.0
,0,0.0
,0,0.0
,0,0.0
,0,0.0
,0,0.0
,0,0.0
,0,0.0
,0,0.0
,0,0.0
,0,0.0
,0,0.0
,0,0.0
,0,0.0
,0,0.0
,0,0.0
,0,0.0
,0,0.0
,0,0.0
,0,0.0
,0,0.0
,0,0.0
,0,0.0
,0,0.0
,0,0.0
,0,0.0
,0,0.0
,0,0.0
,0,0.0
,0,0.0
,0,0.0
,0,0.0
,0,0.0
,0,0.0
,0,0.0
,0,0.0
,0,0.0
,0,0.0
,0,0.0
,0,0.0
,0,0.0
,0,0.0
,0,0.0
,0,0.0
,0,0.0
,0,0.0
,0,0.0
,0,0.0
,0,0.0
,0,0.0
,0,0.0
,0,0.0
,0,0.0
,0,0.0
,0,0.0
,0,0.0
,0,0.0
,0,0.0
,0,0.0
,0,0.0
,0,0.0
,0,0.0
,0,0.0
,0,0.0
,0,0.0
,0,0.0
,0,0.0
,0,0.0
,0,0.0
,0,0.0
,0,0.0
,0,0.0
,0,0.0
,0,0.0
,0,0.0
,0,0.0
,0,0.0
,0,0.0
,0,0.0
,0,0.0
,0,0.0
,0,0.0
,0,0.0
,0,0.0
,0,0.0
,0,0.0
,0,0.0
,0,0.0
,0,0.0
,0,0.0
,0,0.0
,0,0.0
,0,0.0
,0,0.0
,0,0.0
,0,0.0
,0,0.0
,0,0.0
,0,0.0
,0,0.0
,0,0.0
,0,0.0
,0,0.0
,0,0.0
,0,0.0
,0,0.0
,0,0.0
,0,0.0
,0,0.0
,0,0.0
,0,0.0
,0,0.0
,0,0.0
,0,0.0
,0,0.0
,0,0.0
,0,0.0
,0,0.0
,0,0.0
,0,0.0
,0,0.0
,0,0.0
,0,0.0
,0,0.0
,0,0.0
,0,0.0
,0,0.0
,0,0.0
,0,0.0
,0,0.0
,0,0.0
,0,0.0
,0,0.0
,0,0.0
,0,0.0
,0,0.0
,0,0.0
,0,0.0
,0,0.0
,0,0.0
,0,0.0
,0,0.0
,0,0.0
,0,0.0
,0,0.0
,0,0.0
,0,0.0
,0,0.0
,0,0.0
,0,0.0
,0,0.0
,0,0.0
,0,0.0
,0,0.0
,0,0.0
,0,0.0
,0,0.0
,0,0.0
,0,0.0
,0,0.0
,0,0.0
,0,0.0
,0,0.0
,0,0.0
,0,0.0
,0,0.0
,0,0.0
,0,0.0
,0,0.0
,0,0.0
,0,0.0
,0,0.0
,0,0.0
,0,0.0
,0,0.0
,0,0.0
,0,0.0
,0,0.0
,0,0.0
,0,0.0
,0,0.0
,0,0.0
,0,0.0
,0,0.0
,0,0.0
,0,0.0
,0,0.0
,0,0.0
,0,0.0
,0,0.0
,0,0.0
,0,0.0
,0,0.0
,0,0.0
,0,0.0
,0,0.0
,0,0.0
,0,0.0
,0,0.0
,0,0.0
,0,0.0
,0,0.0
,0,0.0
,0,0.0
,0,0.0
,0,0.0
,0,0.0
,0,0.0
,0,0.0
,0,0.0
,0,0.0
,0,0.0
,0,0.0
,0,0.0
,0,0.0
,0,0.0
,0,0.0
,0,0.0
,0,0.0
,0,0.0
,0,0.0
,0,0.0
,0,0.0
,0,0.0
,0,0.0
,0,0.0
,0,0.0
,0,0.0
,0,0.0
,0,0.0
,0,0.0
,0,0.0
,0,0.0
,0,0.0
,0,0.0
,0,0.0
,0,0.0
,0,0.0
,0,0.0
,0,0.0
,0,0.0
,0,0.0
,0,0.0
,0,0.0
,0,0.0
,0,0.0
,0,0.0
,0,0.0
,0,0.0
,0,0.0
,0,0.0
,0,0.0
,0,0.0
,0,0.0
,0,0.0
,0,0.0
,0,0.0
,0,0.0
,0,0.0
,0,0.0
,0,0.0
,0,0.0
,0,0.0
,0,0.0
,0,0.0
,0,0.0
,0,0.0
,0,0.0
,0,0.0
,0,0.0
,0,0.0
,0,0.0
,0,0.0
,0,0.0
,0,0.0
,0,0.0
,0,0.0
,0,0.0
,0,0.0
,0,0.0
,0,0.0
,0,0.0
,0,0.0
,0,0.0
,0,0.0
,0,0.0
,0,0.0
,0,0.0
,0,0.0
,0,0.0
,0,0.0
,0,0.0
,0,0.0
,0,0.0
,0,0.0
,0,0.0
,0,0.0
,0,0.0
,0,0.0
,0,0.0
,0,0.0
,0,0.0
,0,0.0
,0,0.0
,0,0.0
,0,0.0
,0,0.0
,0,0.0
,0,0.0
,0,0.0
,0,0.0
,0,0.0
,0,0.0
,0,0.0
,0,0.0
,0,0.0
,0,0.0
,0,0.0
,0,0.0
,0,0.0
,0,0.0
,0,0.0
,0,0.0
,0,0.0
,0,0.0
,0,0.0
,0,0.0
,0,0.0
,0,0.0
,0,0.0
,0,0.0
,0,0.0
,0,0.0
,0,0.0
,0,0.0
,0,0.0
,0,0.0
,0,0.0
,0,0.0
,0,0.0
,0,0.0
,0,0.0
,0,0.0
,0,0.0
,0,0.0
,0,0.0
,0,0.0
,0,0.0
,0,0.0
,0,0.0
,0,0.0
,0,0.0
,0,0.0
,0,0.0
,0,0.0
,0,0.0
,0,0.0
,0,0.0
,0,0.0
,0,0.0
,0,0.0
,0,0.0
,0,0.0
,0,0.0
,0,0.0
,0,0.0
,0,0.0
,0,0.0
,0,0.0
,0,0.0
,0,0.0
,0,0.0
,0,0.0
,0,0.0
,0,0.0
,0,0.0
,0,0.0
,0,0.0
,0,0.0
,0,0.0
,0,0.0
,0,0.0
,0,0.0
,0,0.0
,0,0.0
,0,0.0
,0,0.0
,0,0.0
,0,0.0
,0,0.0
,0,0.0
,0,0.0
,0,0.0
,0,0.0
,0,0.0
,0,0.0
,0,0.0
,0,0.0
,0,0.0
,0,0.0
,0,0.0
,0,0.0
,0,0.0
,0,0.0
,0,0.0
,0,0.0
,0,0.0
,0,0.0
,0,0.0
,0,0.0
,0,0.0
,0,0.0
,0,0.0
,0,0.0
,0,0.0
,0,0.0
,0,0.0
,0,0.0
,0,0.0
,0,0.0
,0,0.0
,0,0.0
,0,0.0
,0,0.0
,0,0.0
,0,0.0
,0,0.0
,0,0.0
,0,0.0
,0,0.0
,0,0.0
,0,0.0
,0,0.0
,0,0.0
,0,0.0
,0,0.0
,0,0.0
,0,0.0
,0,0.0
,0,0.0
,0,0.0
,0,0.0
,0,0.0
,0,0.0
,0,0.0
,0,0.0
,0,0.0
,0,0.0
,0,0.0
,0,0.0
,0,0.0
,0,0.0
,0,0.0
,0,0.0
,0,0.0
,0,0.0
,0,0.0
,0,0.0
,0,0.0
,0,0.0
,0,0.0
,0,0.0
,0,0.0
,0,0.0
,0,0.0
,0,0.0
,0,0.0
,0,0.0
,0,0.0
,0,0.0
,0,0.0
,0,0.0
,0,0.0
,0,0.0
,0,0.0
,0,0.0
,0,0.0
,0,0.0
,0,0.0
,0,0.0
,0,0.0
,0,0.0
,0,0.0
,0,0.0
,0,0.0
,0,0.0
,0,0.0
,0,0.0
,0,0.0
,0,0.0
,0,0.0
,0,0.0
,0,0.0
,0,0.0
,0,0.0
,0,0.0
,0,0.0
,0,0.0
,0,0.0
,0,0.0
,0,0.0
,0,0.0
,0,0.0
,0,0.0
,0,0.0
,0,0.0
,0,0.0
,0,0.0
,0,0.0
,0,0.0
,0,0.0
,0,0.0
,0,0.0
,0,0.0
,0,0.0
,0,0.0
,0,0.0
,0,0.0
,0,0.0
,0,0.0
,0,0.0
,0,0.0
,0,0.0
,0,0.0
,0,0.0
,0,0.0
,0,0.0
,0,0.0
,0,0.0
,0,0.0
,0,0.0
,0,0.0
,0,0.0
,0,0.0
,0,0.0
,0,0.0
,0,0.0
,0,0.0
,0,0.0
,0,0.0
,0,0.0
,0,0.0
,0,0.0
,0,0.0
,0,0.0
,0,0.0
,0,0.0
,0,0.0
,0,0.0
,0,0.0
,0,0.0
,0,0.0
,0,0.0
,0,0.0
,0,0.0
,0,0.0
,0,0.0
,0,0.0
,0,0.0
,0,0.0
,0,0.0
,0,0.0
,0,0.0
,0,0.0
,0,0.0
,0,0.0
,0,0.0
,0,0.0
,0,0.0
,0,0.0
,0,0.0
,0,0.0
,0,0.0
,0,0.0
,0,0.0
,0,0.0
,0,0.0
,0,0.0
,0,0.0
,0,0.0
,0,0.0
,0,0.0
,0,0.0
,0,0.0
,0,0.0
,0,0.0
,0,0.0
,0,0.0
,0,0.0
,0,0.0
,0,0.0
,0,0.0
,0,0.0
,0,0.0
,0,0.0
,0,0.0
,0,0.0
,0,0.0
,0,0.0
,0,0.0
,0,0.0
,0,0.0
,0,0.0
,0,0.0
,0,0.0
,0,0.0
,0,0.0
,0,0.0
,0,0.0
,0,0.0
,0,0.0
,0,0.0
,0,0.0
,0,0.0
,0,0.0
,0,0.0
,0,0.0
,0,0.0
,0,0.0
,0,0.0
,0,0.0
,0,0.0
,0,0.0
,0,0.0
,0,0.0
,0,0.0
,0,0.0
,0,0.0
,0,0.0
,0,0.0
,0,0.0
,0,0.0
,0,0.0
,0,0.0
,0,0.0
,0,0.0
,0,0.0
,0,0.0
,0,0.0
,0,0.0
,0,0.0
,0,0.0
,0,0.0
,0,0.0
,0,0.0
,0,0.0
,0,0.0
,0,0.0
,0,0.0
,0,0.0
,0,0.0
,0,0.0
,0,0.0
,0,0.0
,0,0.0
,0,0.0
,0,0.0
,0,0.0
,0,0.0
,0,0.0
,0,0.0
,0,0.0
,0,0.0
,0,0.0
,0,0.0
,0,0.0
,0,0.0
,0,0.0
,0,0.0
,0,0.0
,0,0.0
,0,0.0
,0,0.0
,0,0.0
,0,0.0
,0,0.0
,0,0.0
,0,0.0
,0,0.0
,0,0.0
,0,0.0
,0,0.0
,0,0.0
,0,0.0
,0,0.0
,0,0.0
,0,0.0
,0,0.0
,0,0.0
,0,0.0
,0,0.0
,0,0.0
,0,0.0
,0,0.0
,0,0.0
,0,0.0
,0,0.0
,0,0.0
,0,0.0
,0,0.0
,0,0.0
,0,0.0
,0,0.0
,0,0.0
,0,0.0
,0,0.0
,0,0.0
,0,0.0
,0,0.0
,0,0.0
,0,0.0
,0,0.0
,0,0.0
,0,0.0
,0,0.0
,0,0.0
,0,0.0
,0,0.0
,0,0.0
,0,0.0
,0,0.0
,0,0.0
,0,0.0
,0,0.0
,0,0.0
,0,0.0
,0,0.0
,0,0.0
,0,0.0
,0,0.0
,0,0.0
,0,0.0
,0,0.0
,0,0.0
,0,0.0
,0,0.0
,0,0.0
,0,0.0
,0,0.0
,0,0.0
,0,0.0
,0,0.0
,0,0.0
,0,0.0
,0,0.0
,0,0.0
,0,0.0
,0,0.0
,0,0.0
,0,0.0
,0,0.0
,0,0.0
,0,0.0
,0,0.0
,0,0.0
,0,0.0
,0,0.0
,0,0.0
,0,0.0
,0,0.0
,0,0.0
,0,0.0
,0,0.0
,0,0.0
,0,0.0
,0,0.0
,0,0.0
,0,0.0
,0,0.0
,0,0.0
,0,0.0
,0,0.0
,0,0.0
,0,0.0
,0,0.0
,0,0.0
,0,0.0
,0,0.0
,0,0.0
,0,0.0
,0,0.0
,0,0.0
,0,0.0
,0,0.0
,0,0.0
,0,0.0
,0,0.0
,0,0.0
,0,0.0
,0,0.0
,0,0.0
,0,0.0
,0,0.0
,0,0.0
,0,0.0
,0,0.0
,0,0.0
,0,0.0
,0,0.0
,0,0.0
,0,0.0
,0,0.0
,0,0.0
,0,0.0
,0,0.0
,0,0.0
,0,0.0
,0,0.0
,0,0.0
,0,0.0
,0,0.0
,0,0.0
,0,0.0
,0,0.0
,0,0.0
,0,0.0
,0,0.0
,0,0.0
,0,0.0
,0,0.0
,0,0.0
,0,0.0
,0,0.0
,0,0.0
,0,0.0
,0,0.0
,0,0.0
,0,0.0
,0,0.0
,0,0.0
,0,0.0
,0,0.0
,0,0.0
,0,0.0
,0,0.0
,0,0.0
,0,0.0
,0,0.0
,0,0.0
,0,0.0
,0,0.0
,0,0.0
,0,0.0
,0,0.0
,0,0.0
,0,0.0
,0,0.0
,0,0.0
,0,0.0
,0,0.0
,0,0.0
,0,0.0
,0,0.0
,0,0.0
,0,0.0
,0,0.0
,0,0.0
,0,0.0
,0,0.0
,0,0.0
,0,0.0
,0,0.0
,0,0.0
,0,0.0
,0,0.0
,0,0.0
,0,0.0
,0,0.0
,0,0.0
,0,0.0
,0,0.0
,0,0.0
,0,0.0
,0,0.0
,0,0.0
,0,0.0
,0,0.0
,0,0.0
,0,0.0
,0,0.0
,0,0.0
,0,0.0
,0,0.0
,0,0.0
,0,0.0
,0,0.0
,0,0.0
,0,0.0
,0,0.0
,0,0.0
,0,0.0
,0,0.0
,0,0.0
,0,0.0
,0,0.0
,0,0.0
,0,0.0
,0,0.0
,0,0.0
,0,0.0
,0,0.0
,0,0.0
,0,0.0
,0,0.0
284.3393568700051,0,0.0
278.1803299842813,0,0.0
,0,0.0
387.9742086871022,1,0.0
402.7119055742678,1,0.0
413.9591098345295,1,0.0
401.9856750435512,1,0.0
383.980956319605,1,0.0
364.3747317817171,0,0.0
,0,0.0
,0,0.0
,0,0.0
,0,0.0
,0,0.0
,0,0.0
,0,0.0
,0,0.0
,0,0.0
,0,0.0
,0,0.0
,0,0.0
410.3668749436204,0,1.0
409.9655579775587,0,0.6666666666666666
411.19596800671707,0,0.0
410.9406718117416,0,0.0
410.2141213748038,0,0.0
410.61752467925874,0,0.0
410.79613667962695,0,0.0
410.76398017430233,0,0.0
410.10768701928396,0,0.0
410.66255500324115,0,0.0
410.5160475851955,0,0.0
411.02695083024093,0,0.0
410.1882390092521,0,0.0
411.00586804259336,0,0.0
410.43057118806365,0,0.0
409.8766375427086,0,0.0
387.1150985827349,0,0.0
204.80651781216778,0,0.0
205.17409076628732,0,0.0
,0,0.0
,0,0.0
,0,0.0
,0,0.0
,0,0.0
,0,0.0
,0,0.0
,0,0.0
,0,0.0
,0,0.0
,0,0.0
409.07125994044765,0,0.0
409.66951404982655,0,0.0
409.61305688653084,0,0.0
410.9087665604905,0,0.0
409.4005707992187,0,0.0
409.56059346320245,0,0.0
410.3149136863479,0,0.0
410.854275401213,0,0.0
409.63834137776695,0,0.0
409.62984081219867,0,0.0
410.6532163764704,0,0.0
410.20723456233515,0,0.0
409.59190109915926,0,0.0
410.6909107191869,0,0.0
409.68281626264024,0,0.0
409.8260074613126,0,0.0
410.50539312162556,0,0.0
136.59340213345007,0,0.0
131.2480991647483,0,0.0
130.8467697252144,0,0.0
136.71069738169228,0,0.0
,0,0.0
,0,0.0
,0,0.0
,0,0.0
,0,0.0
,0,0.0
,0,0.0
,0,0.0
,0,0.0
,0,0.0
,0,0.0
215.47870497042592,0,0.0
214.45874612449958,0,0.0
184.5856846578872,0,0.0
184.8242765236187,0,0.0
185.36854233781642,0,0.0
,0,0.0
110.15085089485825,0,0.0
107.82915517226313,0,0.0
106.65260994031043,0,0.0
,0,0.0
231.7679393281607,0,0.0
227.79229501909458,0,0.0
234.77758526262073,0,0.0
236.31506964911827,0,0.0
241.17869143353602,0,0.0
241.82977977441013,0,0.0
116.35118716124933,0,0.0
172.50481972148663,0,0.0
224.27628804923498,0,0.0
159.40936349871023,0,0.0
304.61977509147374,0,0.0
410.039260132645,0,0.0
410.4904298584804,0,0.0
409.8843599823922,0,0.0
363.88901427176773,0,0.0
186.5951419715698,0,0.0
185.8509932083595,0,0.0
173.424779503653,0,0.0
165.94324728516779,0,0.0
410.6806258159708,0,0.0
409.79773144226755,0,0.0
409.95704724562273,0,0.0
372.286883581465,0,0.0
210.46543562692497,0,0.0
186.72794368194562,0,0.0
186.69753431626063,0,0.0
,0,0.0
,0,0.0
,0,0.0
,0,0.0
,0,0.0
,0,0.0
,0,0.0
,0,0.0
,0,0.0
,0,0.0
,0,0.0
,0,0.0
,0,0.0
,0,0.0
,0,0.0
,0,0.0
,0,0.0
,0,0.0
,0,0.0
,0,0.0
,0,0.0
,0,0.0
75.4532509259934,0,0.3333333333333333
149.51426918635974,0,1.0
157.8435080234824,0,1.0
170.41772013881527,0,0.3333333333333333
177.17476785678542,0,0.0
179.63071928210798,0,0.0
181.0979178350644,0,0.0
180.82753326867288,0,0.0
181.45016498258235,0,0.0
180.59301961300798,0,0.0
177.17905051775986,0,0.0
409.9751051483793,0,0.0
410.08226982998593,0,0.0
410.9392284466806,0,0.0
,0,0.0
341.31640703502825,0,0.0
342.25710582340326,0,0.0
,0,0.0
,0,0.0
,0,0.0
,0,0.0
,0,0.0
,0,0.0
,0,0.0
,0,0.0
,0,0.0
,0,0.0
,0,0.0
,0,0.0
,0,0.0
,0,0.0
,0,0.0
,0,0.0
,0,0.0
,0,0.0
,0,0.0
,0,0.0
,0,0.0
,0,0.0
,0,0.0
,0,0.0
,0,0.0
,0,0.0
,0,0.0
,0,0.0
,0,0.0
,0,0.0
,0,0.0
,0,0.0
,0,0.0
,0,0.0
,0,0.0
,0,0.0
,0,0.0
,0,0.0
,0,0.0
,0,0.0
,0,0.0
,0,0.0
,0,0.0
,0,0.0
,0,0.0
,0,0.0
,0,0.0
,0,0.0
,0,0.0
,0,0.0
,0,0.0
,0,0.0
,0,0.0
,0,0.0
,0,0.0
,0,0.0
,0,0.0
,0,0.0
,0,0.0
,0,0.0
,0,0.0
,0,0.0
,0,0.0
,0,0.0
,0,0.0
,0,0.0
,0,0.0
,0,0.0
,0,0.0
,0,0.0
,0,0.0
,0,0.0
,0,0.0
,0,0.0
,0,0.0
,0,0.0
,0,0.0
,0,0.0
,0,0.0
,0,0.0
,0,0.0
,0,0.0
,0,0.0
,0,0.0
,0,0.0
,0,0.0
,0,0.0
,0,0.0
,0,0.0
,0,0.0
,0,0.0
,0,0.0
,0,0.0
,0,0.0
,0,0.0
,0,0.0
,0,0.0
,0,0.0
,0,0.0
,0,0.0
,0,0.0
,0,0.0
,0,0.0
,0,0.0
,0,0.0
,0,0.0
,0,0.0
,0,0.0
,0,0.0
,0,0.0
,0,0.0
,0,0.0
,0,0.0
,0,0.0
,0,0.0
,0,0.0
,0,0.0
,0,0.0
,0,0.0
,0,0.0
,0,0.0
,0,0.0
,0,0.0
,0,0.0
,0,0.0
,0,0.0
,0,0.0
,0,0.0
,0,0.0
,0,0.0
,0,0.0
,0,0.0
,0,0.0
,0,0.0
,0,0.0
,0,0.0
,0,0.0
,0,0.0
,0,0.0
,0,0.0
,0,0.0
,0,0.0
,0,0.0
,0,0.0
,0,0.0
,0,0.0
,0,0.0
,0,0.0
,0,0.0
,0,0.0
,0,0.0
,0,0.0
,0,0.0
,0,0.0
,0,0.0
,0,0.0
,0,0.0
,0,0.0
,0,0.0
,0,0.0
439.98341869676324,0,0.6666666666666666
436.54173596331435,0,1.0
444.61548471295475,0,1.0
450.09397752437684,0,1.0
452.06934676411066,0,0.3333333333333333
,0,0.0
,0,0.0
,0,0.0
,0,0.0
,0,0.0
,0,0.0
,0,0.0
,0,0.0
,0,0.0
,0,0.0
,0,0.0
,0,0.0
,0,0.0
,0,0.0
,0,0.0
,0,0.0
,0,0.0
,0,0.0
,0,0.0
,0,0.0
,0,0.0
,0,0.0
,0,0.0
,0,0.0
,0,0.0
250.27704091203287,0,0.6666666666666666
253.2290469410567,0,1.0
256.2220101860347,0,1.0
256.21636312541307,0,0.6666666666666666
,0,0.0
,0,0.0
,0,0.0
,0,0.0
,0,0.0
,0,0.0
,0,0.0
,0,0.0
,0,0.0
,0,0.0
,0,0.0
,0,0.0
,0,0.0
,0,0.0
,0,0.0
,0,0.0
,0,0.0
,0,0.0
,0,0.0
,0,0.0
,0,0.0
,0,0.0
,0,0.0
,0,0.0
,0,0.0
,0,0.0
,0,0.0
,0,0.0
,0,0.0
,0,0.0
,0,0.0
,0,0.0
,0,0.0
,0,0.0
,0,0.0
,0,0.0
,0,0.0
,0,0.0
,0,0.0
,0,0.0
,0,0.0
,0,0.0
,0,0.0
,0,0.0
,0,0.0
,0,0.0
,0,0.0
,0,0.0
,0,0.0
,0,0.0
,0,0.0
,0,0.0
,0,0.0
,0,0.0
,0,0.0
,0,0.0
,0,0.0
,0,0.0
,0,0.0
,0,0.0
,0,0.0
,0,0.0
,0,0.0
,0,0.0
,0,0.0
,0,0.0
,0,0.0
,0,0.0
,0,0.0
,0,0.0
,0,0.0
,0,0.0
,0,0.0
,0,0.0
,0,0.0
,0,0.0
,0,0.0
,0,0.0
,0,0.0
,0,0.0
,0,0.0
,0,0.0
,0,0.0
,0,0.0
,0,0.0
,0,0.0
,0,0.0
,0,0.0
254.55381292393895,0,1.0
256.86099489878285,0,0.3333333333333333
,0,0.0
,0,0.0
,0,0.0
,0,0.0
,0,0.0
,0,0.0
,0,0.0
,0,0.0
,0,0.0
,0,0.0
,0,0.0
,0,0.0
,0,0.0
,0,0.0
,0,0.0
,0,0.0
,0,0.0
,0,0.0
,0,0.0
,0,0.0
,0,0.0
,0,0.0
,0,0.0
,0,0.0
,0,0.0
,0,0.0
,0,0.0
,0,0.0
,0,0.0
,0,0.0
,0,0.0
,0,0.0
,0,0.0
,0,0.0
,0,0.0
,0,0.0
,0,0.0
,0,0.0
,0,0.0
,0,0.0
,0,0.0
,0,0.0
,0,0.0
,0,0.0
,0,0.0
,0,0.0
,0,0.0
,0,0.0
,0,0.0
,0,0.0
,0,0.0
,0,0.0
,0,0.0
,0,0.0
,0,0.0
,0,0.0
,0,0.0
,0,0.0
,0,0.0
,0,0.0
,0,0.0
,0,0.0
,0,0.0
,0,0.0
,0,0.0
,0,0.0
,0,0.0
,0,0.0
,0,0.0
,0,0.0
,0,0.0
,0,0.0
,0,0.0
,0,0.0
,0,0.0
,0,0.0
,0,0.0
,0,0.0
,0,0.0
,0,0.0
,0,0.0
,0,0.0
,0,0.0
,0,0.0
,0,0.0
,0,0.0
,0,0.0
,0,0.0
,0,0.0
,0,0.0
,0,0.0
,0,0.0
,0,0.0
,0,0.0
,0,0.0
,0,0.0
,0,0.0
,0,0.0
,0,0.0
,0,0.0
,0,0.0
,0,0.0
,0,0.0
,0,0.0
,0,0.0
,0,0.0
,0,0.0
,0,0.0
,0,0.0
,0,0.0
,0,0.0
,0,0.0
,0,0.0
,0,0.0
,0,0.0
,0,0.0
,0,0.0
,0,0.0
,0,0.0
,0,0.0
,0,0.0
,0,0.0
,0,0.0
,0,0.0
,0,0.0
,0,0.0
,0,0.0
,0,0.0
,0,0.0
,0,0.0
,0,0.0
,0,0.0
,0,0.0
,0,0.0
,0,0.0
,0,0.0
,0,0.0
,0,0.0
,0,0.0
,0,0.0
,0,0.0
,0,0.0
,0,0.0
,0,0.0
,0,0.0
,0,0.0
,0,0.0
,0,0.0
,0,0.0
,0,0.0
,0,0.0
,0,0.0
,0,0.0
,0,0.0
,0,0.0
,0,0.0
,0,0.0
,0,0.0
,0,0.0
,0,0.0
,0,0.0
,0,0.0
,0,0.0
,0,0.0
,0,0.0
,0,0.0
,0,0.0
,0,0.0
,0,0.0
,0,0.0
,0,0.0
,0,0.0
,0,0.0
,0,0.0
,0,0.0
,0,0.0
,0,0.0
,0,0.0
,0,0.0
,0,0.0
,0,0.0
,0,0.0
,0,0.0
,0,0.0
,0,0.0
,0,0.0
,0,0.0
,0,0.0
,0,0.0
,0,0.0
,0,0.0
,0,0.0
,0,0.0
,0,0.0
,0,0.0
,0,0.0
,0,0.0
,0,0.0
,0,0.0
,0,0.0
,0,0.0
,0,0.0
,0,0.0
,0,0.0
,0,0.0
,0,0.0
,0,0.0
,0,0.0
,0,0.0
,0,0.0
,0,0.0
,0,0.0
,0,0.0
,0,0.0
,0,0.0
,0,0.0
,0,0.0
,0,0.0
,0,0.0
,0,0.0
,0,0.0
,0,0.0
,0,0.0
,0,0.0
,0,0.0
,0,0.0
,0,0.0
,0,0.0
,0,0.0
,0,0.0
,0,0.0
,0,0.0
,0,0.0
,0,0.0
,0,0.0
,0,0.0
,0,0.0
,0,0.0
,0,0.0
,0,0.0
,0,0.0
,0,0.0
,0,0.0
,0,0.0
,0,0.0
,0,0.0
,0,0.0
,0,0.0
,0,0.0
,0,0.0
,0,0.0
,0,0.0
,0,0.0
,0,0.0
,0,0.0
,0,0.0
,0,0.0
,0,0.0
,0,0.0
,0,0.0
,0,0.0
,0,0.0
,0,0.0
,0,0.0
,0,0.0
,0,0.0
,0,0.0
,0,0.0
,0,0.0
,0,0.0
,0,0.0
,0,0.0
,0,0.0
,0,0.0
,0,0.0
,0,0.0
,0,0.0
,0,0.0
,0,0.0
,0,0.0
,0,0.0
,0,0.0
,0,0.0
,0,0.0
,0,0.0
,0,0.0
,0,0.0
,0,0.0
,0,0.0
,0,0.0
,0,0.0
,0,0.0
,0,0.0
,0,0.0
,0,0.0
,0,0.0
,0,0.0
,0,0.0
,0,0.0
,0,0.0
,0,0.0
,0,0.0
,0,0.0
,0,0.0
,0,0.0
,0,0.0
,0,0.0
,0,0.0
,0,0.0
,0,0.0
,0,0.0
,0,0.0
,0,0.0
,0,0.0
,0,0.0
,0,0.0
,0,0.0
,0,0.0
,0,0.0
,0,0.0
,0,0.0
,0,0.0
,0,0.0
,0,0.0
,0,0.0
,0,0.0
,0,0.0
,0,0.0
,0,0.0
,0,0.0
,0,0.0
,0,0.0
,0,0.0
,0,0.0
,0,0.0
,0,0.0
,0,0.0
,0,0.0
,0,0.0
,0,0.0
,0,0.0
,0,0.0
,0,0.0
,0,0.0
,0,0.0
,0,0.0
,0,0.0
,0,0.0
,0,0.0
,0,0.0
,0,0.0
,0,0.0
,0,0.0
,0,0.0
,0,0.0
,0,0.0
,0,0.0
,0,0.0
,0,0.0
,0,0.0
,0,0.0
,0,0.0
,0,0.0
,0,0.0
,0,0.0
,0,0.0
,0,0.0
,0,0.0
,0,0.0
,0,0.0
,0,0.0
,0,0.0
,0,0.0
,0,0.0
,0,0.0
,0,0.0
,0,0.0
,0,0.0
,0,0.0
,0,0.0
,0,0.0
,0,0.0
,0,0.0
,0,0.0
,0,0.0
,0,0.0
,0,0.0
,0,0.0
,0,0.0
,0,0.0
,0,0.0
,0,0.0
,0,0.0
,0,0.0
,0,0.0
,0,0.0
,0,0.0
,0,0.0
,0,0.0
,0,0.0
,0,0.0
,0,0.0
,0,0.0
,0,0.0
,0,0.0
,0,0.0
,0,0.0
,0,0.0
,0,0.0
,0,0.0
,0,0.0
,0,0.0
,0,0.0
,0,0.0
,0,0.0
,0,0.0
,0,0.0
,0,0.0
,0,0.0
,0,0.0
,0,0.0
,0,0.0
,0,0.0
,0,0.0
,0,0.0
,0,0.0
,0,0.0
,0,0.0
,0,0.0
,0,0.0
,0,0.0
,0,0.0
,0,0.0
,0,0.0
,0,0.0
,0,0.0
,0,0.0
,0,0.0
,0,0.0
,0,0.0
,0,0.0
,0,0.0
,0,0.0
,0,0.0
,0,0.0
,0,0.0
,0,0.0
,0,0.0
,0,0.0
,0,0.0
,0,0.0
,0,0.0
,0,0.0
,0,0.0
,0,0.0
,0,0.0
,0,0.0
,0,0.0
,0,0.0
,0,0.0
,0,0.0
,0,0.0
,0,0.0
,0,0.0
,0,0.0
,0,0.0
,0,0.0
,0,0.0
,0,0.0
,0,0.0
,0,0.0
,0,0.0
,0,0.0
,0,0.0
,0,0.0
,0,0.0
,0,0.0
,0,0.0
,0,0.0
,0,0.0
,0,0.0
,0,0.0
,0,0.0
,0,0.0
,0,0.0
,0,0.0
,0,0.0
,0,0.0
,0,0.0
,0,0.0
,0,0.0
,0,0.0
,0,0.0
,0,0.0
,0,0.0
,0,0.0
,0,0.0
,0,0.0
,0,0.0
,0,0.0
,0,0.0
,0,0.0
,0,0.0
,0,0.0
,0,0.0
,0,0.0
,0,0.0
,0,0.0
,0,0.0
,0,0.0
,0,0.0
,0,0.0
,0,0.0
,0,0.0
,0,0.0
,0,0.0
,0,0.0
,0,0.0
,0,0.0
,0,0.0
,0,0.0
,0,0.0
,0,0.0
,0,0.0
,0,0.0
,0,0.0
,0,0.0
,0,0.0
,0,0.0
,0,0.0
,0,0.0
,0,0.0
,0,0.0
,0,0.0
,0,0.0
,0,0.0
,0,0.0
,0,0.0
,0,0.0
,0,0.0
,0,0.0
,0,0.0
,0,0.0
,0,0.0
,0,0.0
,0,0.0
,0,0.0
,0,0.0
,0,0.0
,0,0.0
,0,0.0
,0,0.0
,0,0.0
,0,0.0
,0,0.0
,0,0.0
,0,0.0
,0,0.0
,0,0.0
,0,0.0
,0,0.0
,0,0.0
,0,0.0
,0,0.0
,0,0.0
,0,0.0
,0,0.0
,0,0.0
,0,0.0
,0,0.0
,0,0.0
,0,0.0
,0,0.0
,0,0.0
,0,0.0
,0,0.0
,0,0.0
,0,0.0
,0,0.0
,0,0.0
,0,0.0
,0,0.0
,0,0.0
,0,0.0
,0,0.0
,0,0.0
,0,0.0
,0,0.0
,0,0.0
,0,0.0
,0,0.0
,0,0.0
,0,0.0
,0,0.0
,0,0.0
,0,0.0
,0,0.0
,0,0.0
,0,0.0
,0,0.0
,0,0.0
,0,0.0
,0,0.0
,0,0.0
,0,0.0
,0,0.0
,0,0.0
,0,0.0
,0,0.0
,0,0.0
,0,0.0
,0,0.0
,0,0.0
,0,0.0
,0,0.0
,0,0.0
,0,0.0
,0,0.0
,0,0.0
,0,0.0
,0,0.0
,0,0.0
,0,0.0
,0,0.0
,0,0.0
,0,0.0
,0,0.0
,0,0.0
,0,0.0
,0,0.0
,0,0.0
,0,0.0
,0,0.0
,0,0.0
,0,0.0
,0,0.0
,0,0.0
,0,0.0
,0,0.0
,0,0.0
,0,0.0
,0,0.0
,0,0.0
,0,0.0
,0,0.0
,0,0.0
,0,0.0
,0,0.0
,0,0.0
,0,0.0
,0,0.0
,0,0.0
,0,0.0
,0,0.0
,0,0.0
,0,0.0
,0,0.0
,0,0.0
,0,0.0
,0,0.0
,0,0.0
,0,0.0
,0,0.0
,0,0.0
,0,0.0
,0,0.0
,0,0.0
,0,0.0
,0,0.0
,0,0.0
,0,0.0
,0,0.0
,0,0.0
,0,0.0
,0,0.0
,0,0.0
,0,0.0
,0,0.0
,0,0.0
,0,0.0
,0,0.0
,0,0.0
,0,0.0
,0,0.0
,0,0.0
,0,0.0
,0,0.0
,0,0.0
,0,0.0
,0,0.0
,0,0.0
,0,0.0
,0,0.0
,0,0.0
,0,0.0
,0,0.0
,0,0.0
,0,0.0
,0,0.0
,0,0.0
,0,0.0
,0,0.0
,0,0.0
,0,0.0
,0,0.0
,0,0.0
,0,0.0
,0,0.0
,0,0.0
,0,0.0
,0,0.0
,0,0.0
,0,0.0
,0,0.0
,0,0.0
,0,0.0
,0,0.0
,0,0.0
,0,0.0
,0,0.0
,0,0.0
,0,0.0
,0,0.0
,0,0.0
,0,0.0
,0,0.0
,0,0.0
,0,0.0
,0,0.0
,0,0.0
,0,0.0
,0,0.0
,0,0.0
,0,0.0
,0,0.0
,0,0.0
,0,0.0
,0,0.0
,0,0.0
,0,0.0
,0,0.0
,0,0.0
,0,0.0
,0,0.0
,0,0.0
,0,0.0
,0,0.0
,0,0.0
,0,0.0
,0,0.0
,0,0.0
,0,0.0
,0,0.0
,0,0.0
,0,0.0
,0,0.0
,0,0.0
,0,0.0
,0,0.0
,0,0.0
,0,0.0
,0,0.0
,0,0.0
,0,0.0
,0,0.0
,0,0.0
,0,0.0
,0,0.0
,0,0.0
,0,0.0
,0,0.0
,0,0.0
,0,0.0
,0,0.0
,0,0.0
,0,0.0
,0,0.0
,0,0.0
,0,0.0
,0,0.0
,0,0.0
,0,0.0
,0,0.0
,0,0.0
,0,0.0
,0,0.0
,0,0.0
,0,0.0
,0,0.0
,0,0.0
,0,0.0
,0,0.0
,0,0.0
,0,0.0
,0,0.0
,0,0.0
,0,0.0
,0,0.0
,0,0.0
,0,0.0
,0,0.0
,0,0.0
,0,0.0
,0,0.0
,0,0.0
,0,0.0
,0,0.0
,0,0.0
,0,0.0
,0,0.0
,0,0.0
,0,0.0
,0,0.0
,0,0.0
,0,0.0
,0,0.0
,0,0.0
,0,0.0
,0,0.0
,0,0.0
,0,0.0
,0,0.0
,0,0.0
,0,0.0
,0,0.0
,0,0.0
,0,0.0
,0,0.0
,0,0.0
,0,0.0
,0,0.0
,0,0.0
,0,0.0
,0,0.0
,0,0.0
,0,0.0
,0,0.0
,0,0.0
,0,0.0
,0,0.0
,0,0.0
,0,0.0
,0,0.0
,0,0.0
,0,0.0
,0,0.0
,0,0.0
,0,0.0
,0,0.0
,0,0.0
,0,0.0
,0,0.0
,0,0.0
,0,0.0
,0,0.0
,0,0.0
,0,0.0
,0,0.0
,0,0.0
,0,0.0
,0,0.0
,0,0.0
,0,0.0
,0,0.0
,0,0.0
,0,0.0
,0,0.0
,0,0.0
,0,0.0
,0,0.0
,0,0.0
,0,0.0
,0,0.0
,0,0.0
,0,0.0
,0,0.0
,0,0.0
,0,0.0
,0,0.0
,0,0.0
,0,0.0
,0,0.0
,0,0.0
,0,0.0
,0,0.0
,0,0.0
,0,0.0
,0,0.0
,0,0.0
,0,0.0
,0,0.0
,0,0.0
,0,0.0
,0,0.0
,0,0.0
,0,0.0
,0,0.0
,0,0.0
,0,0.0
,0,0.0
,0,0.0
,0,0.0
,0,0.0
,0,0.0
,0,0.0
,0,0.0
,0,0.0
,0,0.0
,0,0.0
,0,0.0
,0,0.0
,0,0.0
,0,0.0
,0,0.0
,0,0.0
,0,0.0
,0,0.0
,0,0.0
,0,0.0
,0,0.0
,0,0.0
,0,0.0
,0,0.0
,0,0.0
,0,0.0
,0,0.0
,0,0.0
,0,0.0
,0,0.0
,0,0.0
,0,0.0
,0,0.0
,0,0.0
313.8534557972697,0,1.0
310.1179124388164,0,1.0
310.9754435687005,0,0.6666666666666666
306.3039490680178,1,0.0
295.700977403176,1,0.0
289.26841775451857,1,0.0
295.47305837935045,0,0.0
,0,0.0
,0,0.0
,0,0.0
,0,0.0
,0,0.0
,0,0.0
,0,0.0
,0,0.0
,0,0.0
,0,0.0
,0,0.0
,0,0.0
,0,0.0
,0,0.0
,0,0.0
,0,0.0
,0,0.0
,0,0.0
,0,0.0
,0,0.0
,0,0.0
,0,0.0
,0,0.0
,0,0.0
,0,0.0
,0,0.0
,0,0.0
,0,0.0
,0,0.0
,0,0.0
,0,0.0
346.1264273129193,0,0.25
356.7072479555025,0,1.0
,0,0.0
,0,0.0
,0,0.0
,0,0.0
,0,0.0
,0,0.0
,0,0.0
,0,0.0
,0,0.0
,0,0.0
,0,0.0
,0,0.0
,0,0.0
,0,0.0
,0,0.0
,0,0.0
,0,0.0
,0,0.0
,0,0.0
,0,0.0
,0,0.0
,0,0.0
,0,0.0
,0,0.0
,0,0.0
,0,0.0
,0,0.0
,0,0.0
,0,0.0
,0,0.0
,0,0.0
,0,0.0
,0,0.0
,0,0.0
,0,0.0
,0,0.0
,0,0.0
,0,0.0
,0,0.0
,0,0.0
,0,0.0
,0,0.0
,0,0.0
,0,0.0
,0,0.0
,0,0.0
,0,0.0
,0,0.0
,0,0.0
,0,0.0
,0,0.0
,0,0.0
,0,0.0
,0,0.0
,0,0.0
,0,0.0
,0,0.0
,0,0.0
,0,0.0
,0,0.0
,0,0.0
,0,0.0
,0,0.0
,0,0.0
,0,0.0
,0,0.0
,0,0.0
,0,0.0
,0,0.0
,0,0.0
,0,0.0
,0,0.0
,0,0.0
,0,0.0
,0,0.0
,0,0.0
,0,0.0
,0,0.0
,0,0.0
,0,0.0
,0,0.0
,0,0.0
,0,0.0
,0,0.0
,0,0.0
,0,0.0
,0,0.0
,0,0.0
,0,0.0
,0,0.0
,0,0.0
,0,0.0
,0,0.0
,0,0.0
,0,0.0
,0,0.0
,0,0.0
,0,0.0
,0,0.0
,0,0.0
,0,0.0
,0,0.0
,0,0.0
,0,0.0
,0,0.0
,0,0.0
,0,0.0
,0,0.0
,0,0.0
,0,0.0
,0,0.0
,0,0.0
,0,0.0
,0,0.0
,0,0.0
,0,0.0
,0,0.0
,0,0.0
,0,0.0
,0,0.0
,0,0.0
,0,0.0
,0,0.0
,0,0.0
,0,0.0
,0,0.0
,0,0.0
,0,0.0
,0,0.0
,0,0.0
,0,0.0
,0,0.0
,0,0.0
,0,0.0
,0,0.0
,0,0.0
,0,0.0
,0,0.0
,0,0.0
,0,0.0
,0,0.0
,0,0.0
,0,0.0
,0,0.0
,0,0.0
,0,0.0
,0,0.0
,0,0.0
,0,0.0
,0,0.0
,0,0.0
,0,0.0
,0,0.0
,0,0.0
,0,0.0
,0,0.0
,0,0.0
,0,0.0
,0,0.0
,0,0.0
,0,0.0
,0,0.0
,0,0.0
,0,0.0
,0,0.0
,0,0.0
,0,0.0
,0,0.0
,0,0.0
,0,0.0
,0,0.0
,0,0.0
,0,0.0
,0,0.0
,0,0.0
,0,0.0
,0,0.0
,0,0.0
,0,0.0
,0,0.0
,0,0.0
,0,0.0
,0,0.0
,0,0.0
,0,0.0
,0,0.0
,0,0.0
,0,0.0
,0,0.0
,0,0.0
,0,0.0
,0,0.0
,0,0.0
,0,0.0
,0,0.0
,0,0.0
,0,0.0
,0,0.0
,0,0.0
,0,0.0
,0,0.0
,0,0.0
,0,0.0
,0,0.0
,0,0.0
,0,0.0
,0,0.0
,0,0.0
,0,0.0
,0,0.0
,0,0.0
,0,0.0
,0,0.0
,0,0.0
,0,0.0
,0,0.0
,0,0.0
,0,0.0
,0,0.0
,0,0.0
,0,0.0
,0,0.0
,0,0.0
,0,0.0
,0,0.0
,0,0.0
,0,0.0
,0,0.0
,0,0.0
,0,0.0
,0,0.0
,0,0.0
,0,0.0
,0,0.0
,0,0.0
,0,0.0
,0,0.0
,0,0.0
,0,0.0
,0,0.0
,0,0.0
,0,0.0
,0,0.0
,0,0.0
,0,0.0
,0,0.0
,0,0.0
,0,0.0
,0,0.0
,0,0.0
,0,0.0
,0,0.0
,0,0.0
,0,0.0
,0,0.0
,0,0.0
,0,0.0
,0,0.0
,0,0.0
,0,0.0
,0,0.0
,0,0.0
,0,0.0
,0,0.0
,0,0.0
,0,0.0
,0,0.0
,0,0.0
,0,0.0
,0,0.0
,0,0.0
,0,0.0
,0,0.0
,0,0.0
,0,0.0
,0,0.0
,0,0.0
,0,0.0
,0,0.0
,0,0.0
,0,0.0
,0,0.0
,0,0.0
,0,0.0
,0,0.0
,0,0.0
,0,0.0
,0,0.0
,0,0.0
,0,0.0
,0,0.0
,0,0.0
,0,0.0
,0,0.0
,0,0.0
,0,0.0
,0,0.0
,0,0.0
,0,0.0
,0,0.0
,0,0.0
,0,0.0
,0,0.0
,0,0.0
,0,0.0
,0,0.0
,0,0.0
,0,0.0
,0,0.0
,0,0.0
,0,0.0
,0,0.0
,0,0.0
,0,0.0
,0,0.0
,0,0.0
,0,0.0
,0,0.0
,0,0.0
,0,0.0
,0,0.0
,0,0.0
,0,0.0
,0,0.0
,0,0.0
,0,0.0
,0,0.0
,0,0.0
,0,0.0
,0,0.0
,0,0.0
,0,0.0
,0,0.0
,0,0.0
,0,0.0
,0,0.0
,0,0.0
,0,0.0
,0,0.0
,0,0.0
,0,0.0
,0,0.0
,0,0.0
,0,0.0
,0,0.0
,0,0.0
,0,0.0
,0,0.0
,0,0.0
,0,0.0
,0,0.0
,0,0.0
,0,0.0
,0,0.0
,0,0.0
,0,0.0
,0,0.0
,0,0.0
,0,0.0
,0,0.0
,0,0.0
,0,0.0
,0,0.0
,0,0.0
,0,0.0
,0,0.0
,0,0.0
,0,0.0
,0,0.0
,0,0.0
,0,0.0
,0,0.0
,0,0.0
,0,0.0
,0,0.0
,0,0.0
,0,0.0
,0,0.0
,0,0.0
,0,0.0
,0,0.0
,0,0.0
,0,0.0
,0,0.0
,0,0.0
,0,0.0
,0,0.0
,0,0.0
,0,0.0
,0,0.0
,0,0.0
,0,0.0
,0,0.0
,0,0.0
,0,0.0
,0,0.0
,0,0.0
,0,0.0
,0,0.0
,0,0.0
,0,0.0
,0,0.0
,0,0.0
,0,0.0
,0,0.0
,0,0.0
,0,0.0
,0,0.0
,0,0.0
,0,0.0
,0,0.0
,0,0.0
,0,0.0
,0,0.0
,0,0.0
,0,0.0
,0,0.0
,0,0.0
,0,0.0
,0,0.0
,0,0.0
,0,0.0
,0,0.0
,0,0.0
,0,0.0
,0,0.0
,0,0.0
,0,0.0
,0,0.0
,0,0.0
,0,0.0
,0,0.0
,0,0.0
,0,0.0
,0,0.0
,0,0.0
,0,0.0
,0,0.0
,0,0.0
,0,0.0
,0,0.0
,0,0.0
,0,0.0
,0,0.0
,0,0.0
,0,0.0
,0,0.0
,0,0.0
,0,0.0
,0,0.0
,0,0.0
,0,0.0
,0,0.0
,0,0.0
,0,0.0
,0,0.0
,0,0.0
,0,0.0
,0,0.0
,0,0.0
,0,0.0
,0,0.0
,0,0.0
,0,0.0
,0,0.0
,0,0.0
,0,0.0
,0,0.0
,0,0.0
,0,0.0
,0,0.0
,0,0.0
,0,0.0
,0,0.0
,0,0.0
,0,0.0
,0,0.0
,0,0.0
,0,0.0
,0,0.0
,0,0.0
,0,0.0
,0,0.0
,0,0.0
,0,0.0
,0,0.0
,0,0.0
,0,0.0
,0,0.0
,0,0.0
,0,0.0
,0,0.0
,0,0.0
,0,0.0
,0,0.0
,0,0.0
,0,0.0
,0,0.0
,0,0.0
,0,0.0
,0,0.0
,0,0.0
,0,0.0
,0,0.0
,0,0.0
,0,0.0
,0,0.0
,0,0.0
,0,0.0
,0,0.0
,0,0.0
,0,0.0
,0,0.0
,0,0.0
,0,0.0
,0,0.0
,0,0.0
,0,0.0
,0,0.0
,0,0.0
,0,0.0
,0,0.0
,0,0.0
,0,0.0
,0,0.0
,0,0.0
,0,0.0
,0,0.0
,0,0.0
,0,0.0
,0,0.0
,0,0.0
,0,0.0
,0,0.0
,0,0.0
,0,0.0
,0,0.0
,0,0.0
,0,0.0
,0,0.0
,0,0.0
,0,0.0
,0,0.0
,0,0.0
,0,0.0
,0,0.0
,0,0.0
,0,0.0
,0,0.0
,0,0.0
,0,0.0
,0,0.0
,0,0.0
,0,0.0
,0,0.0
,0,0.0
,0,0.0
,0,0.0
,0,0.0
,0,0.0
,0,0.0
,0,0.0
,0,0.0
,0,0.0
,0,0.0
,0,0.0
,0,0.0
,0,0.0
,0,0.0
,0,0.0
,0,0.0
,0,0.0
,0,0.0
,0,0.0
,0,0.0
,0,0.0
,0,0.0
,0,0.0
,0,0.0
,0,0.0
,0,0.0
,0,0.0
,0,0.0
,0,0.0
,0,0.0
,0,0.0
,0,0.0
,0,0.0
,0,0.0
,0,0.0
,0,0.0
,0,0.0
,0,0.0
,0,0.0
,0,0.0
,0,0.0
,0,0.0
,0,0.0
,0,0.0
,0,0.0
,0,0.0
,0,0.0
,0,0.0
,0,0.0
,0,0.0
,0,0.0
,0,0.0
,0,0.0
,0,0.0
,0,0.0
,0,0.0
,0,0.0
,0,0.0
,0,0.0
,0,0.0
,0,0.0
,0,0.0
,0,0.0
,0,0.0
,0,0.0
,0,0.0
,0,0.0
,0,0.0
,0,0.0
,0,0.0
,0,0.0
,0,0.0
,0,0.0
,0,0.0
,0,0.0
,0,0.0
,0,0.0
,0,0.0
,0,0.0
,0,0.0
,0,0.0
,0,0.0
,0,0.0
,0,0.0
,0,0.0
,0,0.0
,0,0.0
,0,0.0
,0,0.0
,0,0.0
,0,0.0
,0,0.0
,0,0.0
,0,0.0
,0,0.0
,0,0.0
,0,0.0
,0,0.0
,0,0.0
,0,0.0
,0,0.0
,0,0.0
,0,0.0
,0,0.0
,0,0.0
,0,0.0
,0,0.0
,0,0.0
,0,0.0
,0,0.0
,0,0.0
,0,0.0
,0,0.0
,0,0.0
,0,0.0
,0,0.0
,0,0.0
,0,0.0
,0,0.0
,0,0.0
,0,0.0
,0,0.0
,0,0.0
,0,0.0
,0,0.0
,0,0.0
,0,0.0
,0,0.0
,0,0.0
,0,0.0
,0,0.0
,0,0.0
,0,0.0
,0,0.0
,0,0.0
,0,0.0
,0,0.0
,0,0.0
,0,0.0
,0,0.0
,0,0.0
,0,0.0
,0,0.0
,0,0.0
,0,0.0
,0,0.0
,0,0.0
,0,0.0
,0,0.0
,0,0.0
,0,0.0
,0,0.0
,0,0.0
,0,0.0
,0,0.0
,0,0.0
,0,0.0
,0,0.0
,0,0.0
,0,0.0
,0,0.0
,0,0.0
,0,0.0
,0,0.0
,0,0.0
,0,0.0
,0,0.0
,0,0.0
,0,0.0
,0,0.0
,0,0.0
,0,0.0
,0,0.0
,0,0.0
,0,0.0
,0,0.0
,0,0.0
,0,0.0
,0,0.0
,0,0.0
,0,0.0
,0,0.0
,0,0.0
,0,0.0
,0,0.0
,0,0.0
,0,0.0
,0,0.0
,0,0.0
,0,0.0
,0,0.0
,0,0.0
,0,0.0
,0,0.0
,0,0.0
,0,0.0
,0,0.0
,0,0.0
,0,0.0
,0,0.0
,0,0.0
,0,0.0
,0,0.0
,0,0.0
,0,0.0
,0,0.0
,0,0.0
,0,0.0
,0,0.0
,0,0.0
,0,0.0
,0,0.0
,0,0.0
,0,0.0
,0,0.0
,0,0.0
,0,0.0
,0,0.0
,0,0.0
,0,0.0
,0,0.0
,0,0.0
,0,0.0
,0,0.0
,0,0.0
,0,0.0
,0,0.0
,0,0.0
,0,0.0
,0,0.0
,0,0.0
,0,0.0
,0,0.0
,0,0.0
,0,0.0
,0,0.0
,0,0.0
,0,0.0
,0,0.0
,0,0.0
,0,0.0
,0,0.0
,0,0.0
,0,0.0
,0,0.0
,0,0.0
,0,0.0
,0,0.0
,0,0.0
,0,0.0
,0,0.0
,0,0.0
,0,0.0
,0,0.0
,0,0.0
,0,0.0
,0,0.0
,0,0.0
,0,0.0
,0,0.0
,0,0.0
,0,0.0
,0,0.0
,0,0.0
,0,0.0
,0,0.0
,0,0.0
,0,0.0
,0,0.0
,0,0.0
,0,0.0
,0,0.0
,0,0.0
,0,0.0
,0,0.0
,0,0.0
,0,0.0
,0,0.0
,0,0.0
,0,0.0
,0,0.0
,0,0.0
,0,0.0
,0,0.0
,0,0.0
,0,0.0
,0,0.0
,0,0.0
,0,0.0
,0,0.0
,0,0.0
,0,0.0
,0,0.0
,0,0.0
,0,0.0
,0,0.0
,0,0.0
,0,0.0
,0,0.0
,0,0.0
,0,0.0
,0,0.0
,0,0.0
,0,0.0
,0,0.0
,0,0.0
,0,0.0
,0,0.0
,0,0.0
,0,0.0
,0,0.0
,0,0.0
,0,0.0
,0,0.0
,0,0.0
,0,0.0
,0,0.0
,0,0.0
,0,0.0
,0,0.0
,0,0.0
,0,0.0
,0,0.0
,0,0.0
,0,0.0
,0,0.0
,0,0.0
,0,0.0
,0,0.0
,0,0.0
,0,0.0
,0,0.0
,0,0.0
,0,0.0
,0,0.0
,0,0.0
,0,0.0
,0,0.0
,0,0.0
,0,0.0
,0,0.0
,0,0.0
,0,0.0
,0,0.0
,0,0.0
,0,0.0
,0,0.0
,0,0.0
,0,0.0
,0,0.0
,0,0.0
,0,0.0
,0,0.0
,0,0.0
,0,0.0
,0,0.0
,0,0.0
,0,0.0
,0,0.0
,0,0.0
,0,0.0
,0,0.0
,0,0.0
,0,0.0
,0,0.0
,0,0.0
,0,0.0
,0,0.0
,0,0.0
,0,0.0
,0,0.0
,0,0.0
,0,0.0
,0,0.0
,0,0.0
,0,0.0
,0,0.0
,0,0.0
,0,0.0
,0,0.0
,0,0.0
,0,0.0
,0,0.0
,0,0.0
,0,0.0
,0,0.0
,0,0.0
,0,0.0
,0,0.0
,0,0.0
,0,0.0
,0,0.0
,0,0.0
,0,0.0
,0,0.0
,0,0.0
,0,0.0
,0,0.0
,0,0.0
,0,0.0
,0,0.0
,0,0.0
,0,0.0
,0,0.0
,0,0.0
,0,0.0
,0,0.0
,0,0.0
,0,0.0
,0,0.0
,0,0.0
,0,0.0
,0,0.0
,0,0.0
,0,0.0
,0,0.0
,0,0.0
,0,0.0
,0,0.0
,0,0.0
,0,0.0
,0,0.0
,0,0.0
,0,0.0
,0,0.0
,0,0.0
,0,0.0
,0,0.0
,0,0.0
,0,0.0
,0,0.0
,0,0.0
,0,0.0
,0,0.0
,0,0.0
,0,0.0
,0,0.0
,0,0.0
,0,0.0
,0,0.0
,0,0.0
,0,0.0
,0,0.0
,0,0.0
,0,0.0
,0,0.0
,0,0.0
,0,0.0
,0,0.0
,0,0.0
,0,0.0
,0,0.0
,0,0.0
,0,0.0
,0,0.0
,0,0.0
,0,0.0
,0,0.0
,0,0.0
,0,0.0
,0,0.0
,0,0.0
,0,0.0
,0,0.0
,0,0.0
,0,0.0
,0,0.0
,0,0.0
,0,0.0
,0,0.0
,0,0.0
,0,0.0
,0,0.0
,0,0.0
,0,0.0
,0,0.0
,0,0.0
,0,0.0
,0,0.0
,0,0.0
,0,0.0
,0,0.0
,0,0.0
,0,0.0
,0,0.0
,0,0.0
,0,0.0
,0,0.0
,0,0.0
,0,0.0
,0,0.0
,0,0.0
,0,0.0
,0,0.0
,0,0.0
,0,0.0
,0,0.0
,0,0.0
,0,0.0
,0,0.0
,0,0.0
,0,0.0
,0,0.0
,0,0.0
,0,0.0
,0,0.0
,0,0.0
,0,0.0
,0,0.0
,0,0.0
,0,0.0
,0,0.0
,0,0.0
,0,0.0
,0,0.0
,0,0.0
,0,0.0
,0,0.0
,0,0.0
,0,0.0
,0,0.0
,0,0.0
,0,0.0
,0,0.0
,0,0.0
,0,0.0
,0,0.0
,0,0.0
,0,0.0
,0,0.0
,0,0.0
,0,0.0
,0,0.0
,0,0.0
,0,0.0
,0,0.0
,0,0.0
,0,0.0
,0,0.0
,0,0.0
,0,0.0
,0,0.0
,0,0.0
,0,0.0
,0,0.0
,0,0.0
,0,0.0
,0,0.0
,0,0.0
,0,0.0
,0,0.0
,0,0.0
,0,0.0
,0,0.0
,0,0.0
,0,0.0
,0,0.0
,0,0.0
,0,0.0
,0,0.0
,0,0.0
,0,0.0
,0,0.0
,0,0.0
,0,0.0
,0,0.0
,0,0.0
,0,0.0
,0,0.0
,0,0.0
,0,0.0
,0,0.0
,0,0.0
,0,0.0
,0,0.0
,0,0.0
,0,0.0
,0,0.0
,0,0.0
,0,0.0
,0,0.0
,0,0.0
,0,0.0
,0,0.0
,0,0.0
,0,0.0
,0,0.0
,0,0.0
377.9248526193005,0,0.3333333333333333
370.4648550501484,0,0.6666666666666666
,0,0.0
,0,0.0
,0,0.0
,0,0.0
,0,0.0
,0,0.0
,0,0.0
,0,0.0
,0,0.0
,0,0.0
,0,0.0
,0,0.0
,0,0.0
,0,0.0
,0,0.0
,0,0.0
,0,0.0
,0,0.0
,0,0.0
,0,0.0
,0,0.0
,0,0.0
,0,0.0
,0,0.0
,0,0.0
,0,0.0
,0,0.0
,0,0.0
,0,0.0
,0,0.0
,0,0.0
,0,0.0
,0,0.0
,0,0.0
,0,0.0
,0,0.0
,0,0.0
,0,0.0
,0,0.0
,0,0.0
,0,0.0
,0,0.0
,0,0.0
,0,0.0
,0,0.0
,0,0.0
,0,0.0
,0,0.0
,0,0.0
,0,0.0
,0,0.0
,0,0.0
,0,0.0
,0,0.0
,0,0.0
,0,0.0
,0,0.0
,0,0.0
,0,0.0
,0,0.0
,0,0.0
,0,0.0
,0,0.0
,0,0.0
,0,0.0
,0,0.0
,0,0.0
,0,0.0
,0,0.0
,0,0.0
,0,0.0
,0,0.0
,0,0.0
,0,0.0
,0,0.0
,0,0.0
,0,0.0
,0,0.0
,0,0.0
,0,0.0
,0,0.0
,0,0.0
,0,0.0
,0,0.0
,0,0.0
,0,0.0
,0,0.0
,0,0.0
,0,0.0
,0,0.0
,0,0.0
,0,0.0
,0,0.0
,0,0.0
,0,0.0
,0,0.0
,0,0.0
,0,0.0
,0,0.0
,0,0.0
,0,0.0
,0,0.0
,0,0.0
,0,0.0
,0,0.0
,0,0.0
,0,0.0
,0,0.0
,0,0.0
,0,0.0
,0,0.0
,0,0.0
,0,0.0
,0,0.0
,0,0.0
,0,0.0
,0,0.0
,0,0.0
,0,0.0
,0,0.0
,0,0.0
,0,0.0
,0,0.0
,0,0.0
,0,0.0
,0,0.0
,0,0.0
,0,0.0
,0,0.0
,0,0.0
,0,0.0
,0,0.0
,0,0.0
,0,0.0
,0,0.0
,0,0.0
,0,0.0
,0,0.0
,0,0.0
,0,0.0
,0,0.0
,0,0.0
,0,0.0
,0,0.0
,0,0.0
,0,0.0
,0,0.0
,0,0.0
,0,0.0
,0,0.0
,0,0.0
,0,0.0
,0,0.0
,0,0.0
,0,0.0
,0,0.0
,0,0.0
,0,0.0
,0,0.0
,0,0.0
,0,0.0
,0,0.0
,0,0.0
,0,0.0
,0,0.0
,0,0.0
,0,0.0
,0,0.0
,0,0.0
,0,0.0
,0,0.0
,0,0.0
,0,0.0
,0,0.0
,0,0.0
,0,0.0
,0,0.0
,0,0.0
,0,0.0
,0,0.0
,0,0.0
,0,0.0
,0,0.0
,0,0.0
,0,0.0
,0,0.0
,0,0.0
,0,0.0
,0,0.0
,0,0.0
,0,0.0
,0,0.0
,0,0.0
,0,0.0
,0,0.0
,0,0.0
,0,0.0
,0,0.0
,0,0.0
,0,0.0
,0,0.0
,0,0.0
,0,0.0
,0,0.0
,0,0.0
,0,0.0
,0,0.0
,0,0.0
,0,0.0
,0,0.0
,0,0.0
,0,0.0
,0,0.0
,0,0.0
,0,0.0
,0,0.0
,0,0.0
,0,0.0
,0,0.0
,0,0.0
,0,0.0
,0,0.0
,0,0.0
,0,0.0
,0,0.0
,0,0.0
,0,0.0
,0,0.0
,0,0.0
,0,0.0
,0,0.0
,0,0.0
,0,0.0
,0,0.0
,0,0.0
,0,0.0
,0,0.0
,0,0.0
,0,0.0
,0,0.0
,0,0.0
,0,0.0
,0,0.0
,0,0.0
,0,0.0
,0,0.0
,0,0.0
,0,0.0
,0,0.0
,0,0.0
,0,0.0
,0,0.0
,0,0.0
,0,0.0
,0,0.0
,0,0.0
,0,0.0
,0,0.0
,0,0.0
,0,0.0
,0,0.0
,0,0.0
,0,0.0
,0,0.0
,0,0.0
,0,0.0
,0,0.0
,0,0.0
,0,0.0
,0,0.0
,0,0.0
,0,0.0
,0,0.0
,0,0.0
,0,0.0
,0,0.0
,0,0.0
,0,0.0
,0,0.0
,0,0.0
,0,0.0
,0,0.0
,0,0.0
,0,0.0
,0,0.0
,0,0.0
,0,0.0
,0,0.0
,0,0.0
,0,0.0
,0,0.0
,0,0.0
,0,0.0
,0,0.0
,0,0.0
,0,0.0
,0,0.0
,0,0.0
,0,0.0
,0,0.0
,0,0.0
,0,0.0
,0,0.0
,0,0.0
,0,0.0
,0,0.0
,0,0.0
,0,0.0
,0,0.0
,0,0.0
,0,0.0
,0,0.0
,0,0.0
,0,0.0
,0,0.0
,0,0.0
,0,0.0
,0,0.0
,0,0.0
,0,0.0
,0,0.0
,0,0.0
,0,0.0
,0,0.0
,0,0.0
,0,0.0
,0,0.0
,0,0.0
,0,0.0
,0,0.0
,0,0.0
,0,0.0
,0,0.0
,0,0.0
,0,0.0
,0,0.0
,0,0.0
,0,0.0
,0,0.0
,0,0.0
,0,0.0
,0,0.0
,0,0.0
,0,0.0
,0,0.0
,0,0.0
,0,0.0
,0,0.0
,0,0.0
,0,0.0
,0,0.0
,0,0.0
,0,0.0
,0,0.0
,0,0.0
,0,0.0
,0,0.0
,0,0.0
,0,0.0
,0,0.0
,0,0.0
,0,0.0
,0,0.0
,0,0.0
,0,0.0
,0,0.0
,0,0.0
,0,0.0
,0,0.0
,0,0.0
,0,0.0
,0,0.0
,0,0.0
,0,0.0
,0,0.0
,0,0.0
,0,0.0
,0,0.0
,0,0.0
,0,0.0
,0,0.0
,0,0.0
,0,0.0
,0,0.0
,0,0.0
,0,0.0
,0,0.0
,0,0.0
,0,0.0
,0,0.0
,0,0.0
,0,0.0
,0,0.0
,0,0.0
,0,0.0
,0,0.0
,0,0.0
,0,0.0
,0,0.0
,0,0.0
,0,0.0
,0,0.0
,0,0.0
,0,0.0
,0,0.0
,0,0.0
,0,0.0
,0,0.0
,0,0.0
,0,0.0
,0,0.0
,0,0.0
,0,0.0
,0,0.0
,0,0.0
,0,0.0
,0,0.0
,0,0.0
,0,0.0
,0,0.0
,0,0.0
,0,0.0
,0,0.0
,0,0.0
,0,0.0
,0,0.0
,0,0.0
,0,0.0
,0,0.0
,0,0.0
,0,0.0
,0,0.0
,0,0.0
,0,0.0
,0,0.0
,0,0.0
,0,0.0
,0,0.0
,0,0.0
,0,0.0
,0,0.0
,0,0.0
,0,0.0
,0,0.0
,0,0.0
,0,0.0
,0,0.0
,0,0.0
,0,0.0
,0,0.0
,0,0.0
,0,0.0
,0,0.0
,0,0.0
,0,0.0
,0,0.0
,0,0.0
,0,0.0
,0,0.0
,0,0.0
,0,0.0
,0,0.0
,0,0.0
,0,0.0
,0,0.0
,0,0.0
,0,0.0
,0,0.0
,0,0.0
,0,0.0
,0,0.0
,0,0.0
,0,0.0
,0,0.0
,0,0.0
,0,0.0
,0,0.0
,0,0.0
,0,0.0
,0,0.0
,0,0.0
,0,0.0
,0,0.0
,0,0.0
,0,0.0
,0,0.0
,0,0.0
,0,0.0
,0,0.0
,0,0.0
,0,0.0
,0,0.0
,0,0.0
,0,0.0
,0,0.0
,0,0.0
,0,0.0
,0,0.0
,0,0.0
,0,0.0
,0,0.0
,0,0.0
,0,0.0
,0,0.0
,0,0.0
,0,0.0
,0,0.0
,0,0.0
,0,0.0
,0,0.0
,0,0.0
,0,0.0
,0,0.0
,0,0.0
,0,0.0
,0,0.0
,0,0.0
,0,0.0
,0,0.0
,0,0.0
,0,0.0
,0,0.0
,0,0.0
,0,0.0
,0,0.0
,0,0.0
,0,0.0
,0,0.0
,0,0.0
,0,0.0
,0,0.0
,0,0.0
,0,0.0
,0,0.0
,0,0.0
,0,0.0
,0,0.0
,0,0.0
,0,0.0
,0,0.0
,0,0.0
,0,0.0
,0,0.0
,0,0.0
,0,0.0
,0,0.0
,0,0.0
,0,0.0
,0,0.0
,0,0.0
,0,0.0
,0,0.0
,0,0.0
,0,0.0
,0,0.0
,0,0.0
,0,0.0
,0,0.0
,0,0.0
,0,0.0
,0,0.0
,0,0.0
,0,0.0
,0,0.0
,0,0.0
,0,0.0
,0,0.0
,0,0.0
,0,0.0
,0,0.0
,0,0.0
,0,0.0
,0,0.0
,0,0.0
,0,0.0
,0,0.0
,0,0.0
,0,0.0
,0,0.0
,0,0.0
,0,0.0
,0,0.0
,0,0.0
,0,0.0
,0,0.0
,0,0.0
,0,0.0
,0,0.0
,0,0.0
,0,0.0
,0,0.0
,0,0.0
,0,0.0
,0,0.0
,0,0.0
,0,0.0
,0,0.0
,0,0.0
,0,0.0
,0,0.0
,0,0.0
,0,0.0
,0,0.0
,0,0.0
,0,0.0
,0,0.0
,0,0.0
,0,0.0
,0,0.0
,0,0.0
,0,0.0
,0,0.0
,0,0.0
,0,0.0
,0,0.0
,0,0.0
,0,0.0
,0,0.0
,0,0.0
,0,0.0
,0,0.0
,0,0.0
,0,0.0
,0,0.0
,0,0.0
,0,0.0
,0,0.0
,0,0.0
,0,0.0
,0,0.0
,0,0.0
,0,0.0
,0,0.0
,0,0.0
,0,0.0
,0,0.0
,0,0.0
,0,0.0
,0,0.0
,0,0.0
,0,0.0
,0,0.0
,0,0.0
,0,0.0
,0,0.0
,0,0.0
,0,0.0
,0,0.0
,0,0.0
,0,0.0
,0,0.0
,0,0.0
,0,0.0
,0,0.0
,0,0.0
,0,0.0
,0,0.0
,0,0.0
,0,0.0
,0,0.0
,0,0.0
,0,0.0
,0,0.0
,0,0.0
,0,0.0
,0,0.0
,0,0.0
,0,0.0
,0,0.0
,0,0.0
,0,0.0
,0,0.0
,0,0.0
,0,0.0
,0,0.0
,0,0.0
,0,0.0
,0,0.0
,0,0.0
,0,0.0
,0,0.0
,0,0.0
,0,0.0
,0,0.0
,0,0.0
,0,0.0
,0,0.0
,0,0.0
,0,0.0
,0,0.0
,0,0.0
,0,0.0
,0,0.0
,0,0.0
,0,0.0
,0,0.0
,0,0.0
,0,0.0
,0,0.0
,0,0.0
,0,0.0
,0,0.0
,0,0.0
,0,0.0
,0,0.0
,0,0.0
,0,0.0
,0,0.0
,0,0.0
,0,0.0
,0,0.0
,0,0.0
,0,0.0
,0,0.0
,0,0.0
,0,0.0
,0,0.0
,0,0.0
,0,0.0
,0,0.0
,0,0.0
,0,0.0
,0,0.0
,0,0.0
,0,0.0
,0,0.0
,0,0.0
,0,0.0
,0,0.0
,0,0.0
,0,0.0
,0,0.0
,0,0.0
,0,0.0
,0,0.0
,0,0.0
,0,0.0
,0,0.0
,0,0.0
,0,0.0
,0,0.0
,0,0.0
,0,0.0
,0,0.0
,0,0.0
,0,0.0
,0,0.0
,0,0.0
,0,0.0
,0,0.0
,0,0.0
,0,0.0
,0,0.0
,0,0.0
,0,0.0
,0,0.0
,0,0.0
,0,0.0
,0,0.0
,0,0.0
,0,0.0
,0,0.0
,0,0.0
,0,0.0
,0,0.0
,0,0.0
,0,0.0
,0,0.0
,0,0.0
,0,0.0
,0,0.0
,0,0.0
,0,0.0
,0,0.0
,0,0.0
,0,0.0
,0,0.0
,0,0.0
,0,0.0
,0,0.0
,0,0.0
,0,0.0
,0,0.0
,0,0.0
,0,0.0
,0,0.0
,0,0.0
,0,0.0
,0,0.0
,0,0.0
,0,0.0
,0,0.0
,0,0.0
,0,0.0
,0,0.0
,0,0.0
,0,0.0
,0,0.0
,0,0.0
,0,0.0
,0,0.0
,0,0.0
,0,0.0
,0,0.0
,0,0.0
,0,0.0
,0,0.0
,0,0.0
,0,0.0
,0,0.0
,0,0.0
,0,0.0
,0,0.0
,0,0.0
,0,0.0
,0,0.0
,0,0.0
,0,0.0
,0,0.0
,0,0.0
,0,0.0
,0,0.0
,0,0.0
,0,0.0
,0,0.0
,0,0.0
,0,0.0
,0,0.0
,0,0.0
,0,0.0
,0,0.0
,0,0.0
,0,0.0
,0,0.0
,0,0.0
,0,0.0
,0,0.0
,0,0.0
,0,0.0
,0,0.0
,0,0.0
,0,0.0
,0,0.0
,0,0.0
,0,0.0
,0,0.0
,0,0.0
,0,0.0
,0,0.0
,0,0.0
,0,0.0
,0,0.0
,0,0.0
,0,0.0
,0,0.0
,0,0.0
,0,0.0
,0,0.0
,0,0.0
,0,0.0
,0,0.0
,0,0.0
,0,0.0
,0,0.0
,0,0.0
,0,0.0
,0,0.0
,0,0.0
,0,0.0
,0,0.0
,0,0.0
,0,0.0
,0,0.0
,0,0.0
,0,0.0
,0,0.0
,0,0.0
,0,0.0
,0,0.0
,0,0.0
,0,0.0
,0,0.0
,0,0.0
,0,0.0
,0,0.0
,0,0.0
,0,0.0
,0,0.0
,0,0.0
,0,0.0
,0,0.0
,0,0.0
,0,0.0
,0,0.0
,0,0.0
,0,0.0
,0,0.0
,0,0.0
,0,0.0
,0,0.0
,0,0.0
,0,0.0
,0,0.0
,0,0.0
,0,0.0
,0,0.0
,0,0.0
,0,0.0
,0,0.0
,0,0.0
,0,0.0
,0,0.0
,0,0.0
,0,0.0
,0,0.0
,0,0.0
,0,0.0
,0,0.0
,0,0.0
,0,0.0
,0,0.0
,0,0.0
,0,0.0
,0,0.0
,0,0.0
,0,0.0
,0,0.0
,0,0.0
,0,0.0
,0,0.0
,0,0.0
,0,0.0
,0,0.0
,0,0.0
,0,0.0
,0,0.0
,0,0.0
,0,0.0
,0,0.0
,0,0.0
,0,0.0
,0,0.0
,0,0.0
,0,0.0
,0,0.0
,0,0.0
,0,0.0
,0,0.0
,0,0.0
,0,0.0
,0,0.0
,0,0.0
,0,0.0
,0,0.0
,0,0.0
,0,0.0
,0,0.0
,0,0.0
,0,0.0
,0,0.0
,0,0.0
,0,0.0
,0,0.0
,0,0.0
,0,0.0
,0,0.0
,0,0.0
,0,0.0
,0,0.0
,0,0.0
,0,0.0
,0,0.0
,0,0.0
,0,0.0
,0,0.0
,0,0.0
,0,0.0
,0,0.0
,0,0.0
,0,0.0
,0,0.0
,0,0.0
,0,0.0
,0,0.0
,0,0.0
,0,0.0
,0,0.0
,0,0.0
,0,0.0
,0,0.0
,0,0.0
,0,0.0
,0,0.0
,0,0.0
,0,0.0
,0,0.0
,0,0.0
,0,0.0
,0,0.0
,0,0.0
,0,0.0
,0,0.0
,0,0.0
,0,0.0
,0,0.0
,0,0.0
,0,0.0
,0,0.0
,0,0.0
,0,0.0
,0,0.0
,0,0.0
,0,0.0
,0,0.0
,0,0.0
,0,0.0
,0,0.0
,0,0.0
,0,0.0
,0,0.0
,0,0.0
,0,0.0
,0,0.0
,0,0.0
,0,0.0
,0,0.0
,0,0.0
,0,0.0
,0,0.0
,0,0.0
,0,0.0
,0,0.0
,0,0.0
,0,0.0
,0,0.0
,0,0.0
,0,0.0
,0,0.0
,0,0.0
,0,0.0
,0,0.0
,0,0.0
,0,0.0
,0,0.0
,0,0.0
,0,0.0
,0,0.0
,0,0.0
,0,0.0
,0,0.0
,0,0.0
,0,0.0
,0,0.0
,0,0.0
,0,0.0
,0,0.0
,0,0.0
,0,0.0
,0,0.0
,0,0.0
,0,0.0
,0,0.0
,0,0.0
,0,0.0
,0,0.0
,0,0.0
,0,0.0
,0,0.0
,0,0.0
,0,0.0
,0,0.0
,0,0.0
,0,0.0
,0,0.0
,0,0.0
,0,0.0
,0,0.0
,0,0.0
,0,0.0
,0,0.0
,0,0.0
,0,0.0
,0,0.0
,0,0.0
,0,0.0
,0,0.0
,0,0.0
,0,0.0
,0,0.0
,0,0.0
,0,0.0
,0,0.0
,0,0.0
,0,0.0
,0,0.0
,0,0.0
,0,0.0
,0,0.0
,0,0.0
,0,0.0
,0,0.0
,0,0.0
,0,0.0
,0,0.0
,0,0.0
,0,0.0
,0,0.0
,0,0.0
,0,0.0
,0,0.0
,0,0.0
,0,0.0
,0,0.0
,0,0.0
,0,0.0
,0,0.0
,0,0.0
,0,0.0
,0,0.0
,0,0.0
,0,0.0
,0,0.0
,0,0.0
,0,0.0
,0,0.0
,0,0.0
,0,0.0
,0,0.0
,0,0.0
,0,0.0
,0,0.0
,0,0.0
,0,0.0
,0,0.0
,0,0.0
,0,0.0
,0,0.0
,0,0.0
,0,0.0
,0,0.0
,0,0.0
,0,0.0
,0,0.0
,0,0.0
,0,0.0
,0,0.0
,0,0.0
,0,0.0
,0,0.0
,0,0.0
,0,0.0
,0,0.0
,0,0.0
,0,0.0
,0,0.0
,0,0.0
,0,0.0
,0,0.0
,0,0.0
,0,0.0
,0,0.0
,0,0.0
,0,0.0
,0,0.0
,0,0.0
,0,0.0
,0,0.0
,0,0.0
,0,0.0
,0,0.0
,0,0.0
,0,0.0
,0,0.0
,0,0.0
411.0075325418934,0,0.0
409.89807969018244,0,0.0
410.01181516134,0,0.0
410.75312842363957,0,0.0
409.5763245034507,0,0.0
409.71076090737233,0,0.0
409.82547495371546,0,0.0
410.4628394642509,0,0.0
409.60713115067716,0,0.0
409.6705298438321,0,0.0
410.57310299855266,0,0.0
410.0306143573732,0,0.0
409.3275773129304,0,0.0
409.65688658334153,0,0.0
410.57873150597595,0,0.0
407.9583552182559,0,0.0
,0,0.0
,0,0.0
,0,0.0
,0,0.0
,0,0.0
,0,0.0
,0,0.0
,0,0.0
,0,0.0
,0,0.0
,0,0.0
,0,0.0
,0,0.0
,0,0.0
341.07638508314335,0,0.0
364.4638880754231,0,0.0
410.1841627546063,0,0.0
410.4019533844498,0,0.0
409.3076288499423,0,0.0
409.9241236547051,0,0.0
387.2968331818102,0,0.0
364.6624530141396,0,0.0
409.70432949745197,0,0.0
410.03244989468476,0,0.0
409.72920534170294,0,0.0
408.69147833839037,0,0.0
,0,0.0
409.4830883460138,0,0.0
409.9150357551738,0,0.0
410.12522460565214,0,0.0
410.6561794007442,0,0.0
,0,0.0
,0,0.0
,0,0.0
,0,0.0
,0,0.0
,0,0.0
,0,0.0
,0,0.0
,0,0.0
,0,0.0
,0,0.0
,0,0.0
,0,0.0
,0,0.0
,0,0.0
,0,0.0
,0,0.0
,0,0.0
,0,0.0
,0,0.0
,0,0.0
,0,0.0
,0,0.0
,0,0.0
,0,0.0
,0,0.0
,0,0.0
,0,0.0
,0,0.0
136.62483799471414,0,0.0
136.25666896718067,0,0.0
135.65583540648754,0,0.0
134.7958314294135,0,0.0
137.84470378157502,0,0.0
138.29671577262894,0,0.0
151.4336018742384,0,0.0
151.2250466034899,0,0.0
150.94942805401126,0,0.0
150.94945177607204,0,0.0
151.32287666423747,0,0.0
166.5778011244409,0,0.0
160.97827606693085,0,0.0
159.7188099332889,0,0.0
155.26446311637991,0,0.0
160.9282967973997,0,0.0
162.60585195011035,0,0.0
163.51131484604727,0,0.0
166.20478216900807,0,0.0
168.57867950699645,0,0.0
169.08202813216096,0,0.0
200.26391144465077,0,0.0
213.48659508343496,0,0.0
222.76216023285505,0,0.0
237.56444076568528,0,0.0
,0,0.0
,0,0.0
,0,0.0
122.79058607285964,0,0.0
124.14469612299587,0,0.0
,0,0.0
,0,0.0
,0,0.0
,0,0.0
,0,0.0
,0,0.0
,0,0.0
,0,0.0
,0,0.0
,0,0.0
,0,0.0
,0,0.0
,0,0.0
,0,0.0
,0,0.0
,0,0.0
,0,0.0
,0,0.0
,0,0.0
,0,0.0
,0,0.0
,0,0.0
350.83401906807893,0,0.0
319.6288128707658,0,0.0
316.6436206297747,0,0.0
324.9899634973705,0,0.0
334.565222793488,0,0.0
332.87483855981765,0,0.0
315.7899848324556,0,0.0
316.1081686650804,0,0.0
322.74535302491137,0,0.0
325.3053879514553,0,0.0
182.00636085412387,0,0.0
182.26730439910068,0,0.0
181.31511062579955,0,0.0
,0,0.0
162.50903670947187,0,0.0
163.00847871599248,0,0.0
165.54158368191645,0,0.0
168.63368088003793,0,0.0
